-119 7.595397229818
-118 7.580800395618
-117 7.566203561418
-116 7.551606727218
-115 7.537009893018
-114 7.525593262446
-113 7.526140255046
-112 7.526687247646
-111 7.527234240246
-110 7.527781232846
-109 7.527863827792
-108 7.526199402992
-107 7.524534978192
-106 7.522870553392
-105 7.521206128592
-104 7.520255224866
-103 7.521988519466
-102 7.523721814066
-101 7.525455108666
-100 7.527188403266
-99 7.528921697866
-98 7.530654992466
-97 7.532388287066
-96 7.534121581666
-95 7.535854876266
-94 7.537588170866
-93 7.539321465466
-92 7.541054760066
-91 7.542788054666
-90 7.544521349266
-89 7.546254643866
-88 7.547987938466
-87 7.549721233066
-86 7.551454527666
-85 7.553187822266
-84 7.554921116866
-83 7.556654411466
-82 7.558387706066
-81 7.560121000666
-80 7.561854295266
-79 7.563587589866
-78 7.565320884466
-77 7.567054179066
-76 7.568787473666
-75 7.570520768266
-74 7.571741358443
-73 7.57103320340967
-72 7.57032504837633
-71 7.569616893343
-70 7.56890873830967
-69 7.56820058327633
-68 7.567492428243
-67 7.56678427320967
-66 7.56607611817633
-65 7.565367963143
-64 7.56465980810967
-63 7.56395165307633
-62 7.563243498043
-61 7.56253534300967
-60 7.56182718797633
-59 7.561119032943
-58 7.56041087790967
-57 7.55970272287633
-56 7.558994567843
-55 7.55828641280967
-54 7.55757825777633
-53 7.556870102743
-52 7.55616194770967
-51 7.55545379267633
-50 7.554745637643
-49 7.55403748260967
-48 7.55332932757633
-47 7.552621172543
-46 7.55191301750967
-45 7.55120486247633
-44 7.550781035144
-43 7.551426821544
-42 7.552072607944
-41 7.552718394344
-40 7.553364180744
-39 7.554009967144
-38 7.554655753544
-37 7.555301539944
-36 7.555947326344
-35 7.556593112744
-34 7.557238899144
-33 7.557884685544
-32 7.558530471944
-31 7.559176258344
-30 7.559822044744
-29 7.560467831144
-28 7.561113617544
-27 7.561759403944
-26 7.562405190344
-25 7.563050976744
-24 7.563696763144
-23 7.564342549544
-22 7.564988335944
-21 7.565634122344
-20 7.566279908744
-19 7.566925695144
-18 7.567571481544
-17 7.568217267944
-16 7.568863054344
-15 7.569508840744
-14 7.56905500536557
-13 7.56446449758255
-12 7.55987398979953
-11 7.55528348201651
-10 7.55069297423349
-9 7.54610246645047
-8 7.54151195866745
-7 7.53692145088443
-6 7.53233094310142
-5 7.483684969616
-4 7.45117748070968
-3 7.45346902696774
-2 7.454694406
-1 7.4556284055
0 7.456562405
1 7.461852647696
2 7.55051539569355
3 7.832196003
4 7.832196003
5 8.02454527301613
6 8.23069496603226
7 8.29937122087097
8 8.12970261822581
9 7.99171255532258
10 7.91456736269841
11 7.841238594
12 7.75992498974194
13 7.6819385823871
14 7.65417231222581
15 7.62795570996774
16 7.60657590512903
17 7.6169950086129
18 7.667970867656
19 7.641272256456
20 7.61845314496774
21 7.59377458222581
22 7.57792347226613
23 7.57728588722581
24 7.57192164206452
25 7.57535406748387
26 7.57985510668548
27 7.576241259824
28 7.5648563162
29 7.56766429508889
30 7.57047227397778
31 7.57328025286667
32 7.57562450214754
33 7.57816512456098
34 7.58054421210656
35 7.57551071292623
36 7.57935365263415
37 7.58310762406557
38 7.5833306229187
39 7.58135417659016
40 7.58405289534146
41 7.5817765294878
42 7.5787845436129
43 7.57726787008197
44 7.57680828745529
45 7.57580540873171
46 7.57729335019512
47 7.57966473455484
48 7.5788278639187
49 7.57130013496774
50 7.57262974706452
51 7.57343603856098
52 7.57865643835484
53 7.58613519389431
54 7.58988506640323
55 7.57729234785484
56 7.57144359990244
57 7.57679976134146
58 7.57939426823577
59 7.5726218722439
60 7.56849098769106
61 7.56614699530081
62 7.56763614814634
63 7.57255371705691
64 7.57744072119512
65 7.57692303680488
66 7.56948200021951
67 7.577508363218
68 7.588702747818
69 7.599897132418
70 7.611091517018
71 7.622285901618
72 7.633480286218
73 7.644674670818
74 7.655869055418
75 7.667063440018
76 7.678257824618
77 7.681755927978
78 7.683677684578
79 7.685599441178
80 7.687521197778
81 7.689442954378
82 7.691364710978
83 7.693286467578
84 7.695208224178
85 7.697129980778
86 7.699051737378
87 7.696857697282
88 7.693820662682
89 7.690783628082
90 7.687746593482
91 7.684709558882
92 7.681672524282
93 7.678635489682
94 7.675598455082
95 7.672561420482
96 7.669524385882
97 7.669411785981
98 7.669898166681
99 7.670384547381
100 7.670870928081
101 7.671357308781
102 7.671843689481
103 7.672330070181
104 7.672816450881
105 7.673302831581
106 7.673789212281
107 7.67401391581
108 7.67418502281
109 7.67435612981
110 7.67452723681
111 7.67469834381
112 7.67486945081
113 7.67504055781
114 7.67521166481
115 7.67538277181
116 7.67555387881
117 7.675817469805
118 7.676100003305
119 7.676382536805
120 7.676665070305
121 7.676947603805
122 7.677230137305
123 7.677512670805
124 7.677795204305
125 7.678077737805
126 7.678360271305
127 7.680710820272
128 7.683484938672
129 7.686259057072
130 7.689033175472
131 7.691807293872
132 7.694581412272
133 7.697355530672
134 7.700129649072
135 7.702903767472
136 7.705677885872
137 7.708452004272
138 7.711226122672
139 7.714000241072
140 7.716774359472
141 7.719548477872
142 7.722322596272
143 7.725096714672
144 7.727870833072
145 7.730644951472
146 7.733419069872
147 7.736193188272
148 7.738967306672
149 7.741741425072
150 7.744515543472
151 7.747289661872
152 7.750063780272
153 7.752837898672
154 7.755612017072
155 7.758386135472
156 7.761160253872
157 7.76195906404233
158 7.762353293009
159 7.76274752197567
160 7.76314175094233
161 7.763535979909
162 7.76393020887567
163 7.76432443784233
164 7.764718666809
165 7.76511289577567
166 7.76550712474233
167 7.765901353709
168 7.76629558267567
169 7.76668981164233
170 7.767084040609
171 7.76747826957567
172 7.76787249854233
173 7.768266727509
174 7.76866095647567
175 7.76905518544233
176 7.769449414409
177 7.76984364337567
178 7.77023787234233
179 7.770632101309
180 7.77102633027567
181 7.77142055924233
182 7.771814788209
183 7.77220901717567
184 7.77260324614233
185 7.772997475109
186 7.77339170407567
187 7.77268925418067
188 7.771762183314
189 7.77083511244733
190 7.76990804158067
191 7.768980970714
192 7.76805389984733
193 7.76712682898067
194 7.766199758114
195 7.76527268724733
196 7.76434561638067
197 7.763418545514
198 7.76249147464733
199 7.76156440378067
200 7.760637332914
201 7.75971026204733
202 7.75878319118067
203 7.757856120314
204 7.75692904944733
205 7.75600197858067
206 7.755074907714
207 7.75414783684733
208 7.75322076598067
209 7.752293695114
210 7.75136662424733
211 7.75043955338067
212 7.749512482514
213 7.74858541164733
214 7.74765834078067
215 7.746731269914
216 7.74580419904733
217 7.745830749349
218 7.746052619649
219 7.746274489949
220 7.746496360249
221 7.746718230549
222 7.746940100849
223 7.747161971149
224 7.747383841449
225 7.747605711749
226 7.747827582049
227 7.748049452349
228 7.748271322649
229 7.748493192949
230 7.748715063249
231 7.748936933549
232 7.749158803849
233 7.749380674149
234 7.749602544449
235 7.749824414749
236 7.750046285049
237 7.750268155349
238 7.750490025649
239 7.750711895949
240 7.750933766249
241 7.751155636549
242 7.751377506849
243 7.751599377149
244 7.751821247449
245 7.752043117749
246 7.752264988049
247 7.752302706
248 7.752302706
249 7.752302706
250 7.752302706
251 7.752302706
252 7.752302706
253 7.752302706
254 7.752302706
255 7.752302706
256 7.752302706
257 7.752302706
258 7.752302706
259 7.752302706
260 7.752302706
261 7.752302706
262 7.752302706
263 7.752302706
264 7.752302706
265 7.752302706
266 7.752302706
267 7.752302706
268 7.752302706
269 7.752302706
270 7.752302706
271 7.752302706
272 7.752302706
273 7.752302706
274 7.752302706
275 7.752302706
276 7.752302706
277 7.75165008939467
278 7.750863804328
279 7.75007751926133
280 7.74929123419467
281 7.748504949128
282 7.74771866406133
283 7.74693237899467
284 7.746146093928
285 7.74535980886133
286 7.74457352379467
287 7.743787238728
288 7.74300095366133
289 7.74221466859467
290 7.741428383528
291 7.74064209846133
292 7.73985581339467
293 7.739069528328
294 7.73828324326133
295 7.73749695819467
296 7.736710673128
297 7.73592438806133
298 7.73513810299467
299 7.734351817928
300 7.73356553286133
301 7.73277924779467
302 7.731992962728
303 7.73120667766133
304 7.73042039259467
305 7.729634107528
306 7.72884782246133
307 7.72905624478033
308 7.729468402347
309 7.72988055991367
310 7.73029271748033
311 7.730704875047
312 7.73111703261367
313 7.73152919018033
314 7.731941347747
315 7.73235350531367
316 7.73276566288033
317 7.733177820447
318 7.73358997801367
319 7.73400213558033
320 7.734414293147
321 7.73482645071367
322 7.73523860828033
323 7.735650765847
324 7.73606292341367
325 7.73647508098033
326 7.736887238547
327 7.73729939611367
328 7.73771155368033
329 7.738123711247
330 7.73853586881367
331 7.73894802638033
332 7.739360183947
333 7.73977234151367
334 7.74018449908033
335 7.740596656647
336 7.74100881421367
337 7.74041328953033
338 7.739611372097
339 7.73880945466367
340 7.73800753723033
341 7.737205619797
342 7.73640370236367
343 7.73560178493033
344 7.734799867497
345 7.73399795006367
346 7.73319603263033
347 7.732394115197
348 7.73159219776367
349 7.73079028033033
350 7.729988362897
351 7.72918644546367
352 7.72838452803033
353 7.727582610597
354 7.72678069316367
355 7.72597877573033
356 7.725176858297
357 7.72437494086367
358 7.72357302343033
359 7.722771105997
360 7.72196918856367
361 7.72116727113033
362 7.720365353697
363 7.71956343626367
364 7.71876151883033
365 7.717959601397
366 7.71715768396367
367 7.71685259664533
368 7.716649269712
369 7.71644594277867
370 7.71624261584533
371 7.716039288912
372 7.71583596197867
373 7.71563263504533
374 7.715429308112
375 7.71522598117867
376 7.71502265424533
377 7.714819327312
378 7.71461600037867
379 7.71441267344533
380 7.714209346512
381 7.71400601957867
382 7.71380269264533
383 7.713599365712
384 7.71339603877867
385 7.71319271184533
386 7.712989384912
387 7.71278605797867
388 7.71258273104533
389 7.712379404112
390 7.71217607717867
391 7.71197275024533
392 7.711769423312
393 7.71156609637867
394 7.71136276944533
395 7.711159442512
396 7.71095611557867
397 7.71097265996133
398 7.711034238228
399 7.71109581649467
400 7.71115739476133
401 7.711218973028
402 7.71128055129467
403 7.71134212956133
404 7.711403707828
405 7.71146528609467
406 7.71152686436133
407 7.711588442628
408 7.71165002089467
409 7.71171159916133
410 7.711773177428
411 7.71183475569467
412 7.71189633396133
413 7.711957912228
414 7.71201949049467
415 7.71208106876133
416 7.712142647028
417 7.71220422529467
418 7.71226580356133
419 7.712327381828
420 7.71238896009467
421 7.71245053836133
422 7.712512116628
423 7.71257369489467
424 7.71263527316133
425 7.712696851428
426 7.71275842969467
427 7.71280135775067
428 7.712840465884
429 7.71287957401733
430 7.71291868215067
431 7.712957790284
432 7.71299689841733
433 7.71303600655067
434 7.713075114684
435 7.71311422281733
436 7.71315333095067
437 7.713192439084
438 7.71323154721733
439 7.71327065535067
440 7.713309763484
441 7.71334887161733
442 7.71338797975067
443 7.713427087884
444 7.71346619601733
445 7.71350530415067
446 7.713544412284
447 7.71358352041733
448 7.71362262855067
449 7.713661736684
450 7.71370084481733
451 7.71373995295067
452 7.713779061084
453 7.71381816921733
454 7.71385727735067
455 7.713896385484
456 7.71393549361733
457 7.71366321682033
458 7.713327162387
459 7.71299110795367
460 7.71265505352033
461 7.712318999087
462 7.71198294465367
463 7.71164689022033
464 7.711310835787
465 7.71097478135367
466 7.71063872692033
467 7.710302672487
468 7.70996661805367
469 7.70963056362033
470 7.709294509187
471 7.70895845475367
472 7.70862240032033
473 7.708286345887
474 7.70795029145367
475 7.70761423702033
476 7.707278182587
477 7.70694212815367
478 7.70660607372033
479 7.706270019287
480 7.70593396485367
481 7.70559791042033
482 7.705261855987
483 7.70492580155367
484 7.70458974712033
485 7.704253692687
486 7.70391763825367
487 7.70381800450633
488 7.703766794273
489 7.70371558403967
490 7.70366437380633
491 7.703613163573
492 7.70356195333967
493 7.70351074310633
494 7.703459532873
495 7.70340832263967
496 7.70335711240633
497 7.703305902173
498 7.70325469193967
499 7.70320348170633
500 7.703152271473
501 7.70310106123967
502 7.70304985100633
503 7.702998640773
504 7.70294743053967
505 7.70289622030633
506 7.702845010073
507 7.70279379983967
508 7.70274258960633
509 7.702691379373
510 7.70264016913967
511 7.70258895890633
512 7.702537748673
513 7.70248653843967
514 7.70243532820633
515 7.702384117973
516 7.70233290773967
517 7.70167782010567
518 7.700899046739
519 7.70012027337233
520 7.69934150000567
521 7.698562726639
522 7.69778395327233
523 7.69700517990567
524 7.696226406539
525 7.69544763317233
526 7.69466885980567
527 7.693890086439
528 7.69311131307233
529 7.69233253970567
530 7.691553766339
531 7.69077499297233
532 7.68999621960567
533 7.689217446239
534 7.68843867287233
535 7.68765989950567
536 7.686881126139
537 7.68610235277233
538 7.68532357940567
539 7.684544806039
540 7.68376603267233
541 7.68298725930567
542 7.682208485939
543 7.68142971257233
544 7.68065093920567
545 7.679872165839
546 7.67909339247233
547 7.678908432618
548 7.678845097218
549 7.678781761818
550 7.678718426418
551 7.678655091018
552 7.678591755618
553 7.678528420218
554 7.678465084818
555 7.678401749418
556 7.678338414018
557 7.678275078618
558 7.678211743218
559 7.678148407818
560 7.678085072418
561 7.678021737018
562 7.677958401618
563 7.677895066218
564 7.677831730818
565 7.677768395418
566 7.677705060018
567 7.677641724618
568 7.677578389218
569 7.677515053818
570 7.677451718418
571 7.677388383018
572 7.677325047618
573 7.677261712218
574 7.677198376818
575 7.677135041418
576 7.677071706018
577 7.67731109519
578 7.67761248819
579 7.67791388119
580 7.67821527419
581 7.67851666719
582 7.67881806019
583 7.67911945319
584 7.67942084619
585 7.67972223919
586 7.68002363219
587 7.68032502519
588 7.68062641819
589 7.68092781119
590 7.68122920419
591 7.68153059719
592 7.68183199019
593 7.68213338319
594 7.68243477619
595 7.68273616919
596 7.68303756219
597 7.68333895519
598 7.68364034819
599 7.68394174119
600 7.68424313419
601 7.68454452719
602 7.68484592019
603 7.68514731319
604 7.68544870619
605 7.68575009919
606 7.68605149219
607 7.68573864416033
608 7.685299987727
609 7.68486133129367
610 7.68442267486033
611 7.683984018427
612 7.68354536199367
613 7.68310670556033
614 7.682668049127
615 7.68222939269367
616 7.68179073626033
617 7.681352079827
618 7.68091342339367
619 7.68047476696033
620 7.680036110527
621 7.67959745409367
622 7.67915879766033
623 7.678720141227
624 7.67828148479367
625 7.67784282836033
626 7.677404171927
627 7.67696551549367
628 7.67652685906033
629 7.676088202627
630 7.67564954619367
631 7.67521088976033
632 7.674772233327
633 7.67433357689367
634 7.67389492046033
635 7.673456264027
636 7.67301760759367
637 7.67258648993967
638 7.672156916373
639 7.67172734280633
640 7.67129776923967
641 7.670868195673
642 7.67043862210633
643 7.67000904853967
644 7.669579474973
645 7.66914990140633
646 7.66872032783967
647 7.668290754273
648 7.66786118070633
649 7.66743160713967
650 7.667002033573
651 7.66657246000633
652 7.66614288643967
653 7.665713312873
654 7.66528373930633
655 7.66485416573967
656 7.664424592173
657 7.66399501860633
658 7.66356544503967
659 7.663135871473
660 7.66270629790633
661 7.66227672433967
662 7.661847150773
663 7.66141757720633
664 7.66098800363967
665 7.660558430073
666 7.66012885650633
667 7.66016504250267
668 7.660296625036
669 7.66042820756933
670 7.66055979010267
671 7.660691372636
672 7.66082295516933
673 7.66095453770267
674 7.661086120236
675 7.66121770276933
676 7.66134928530267
677 7.661480867836
678 7.66161245036933
679 7.66174403290267
680 7.661875615436
681 7.66200719796933
682 7.66213878050267
683 7.662270363036
684 7.66240194556933
685 7.66253352810267
686 7.662665110636
687 7.66279669316933
688 7.66292827570267
689 7.663059858236
690 7.66319144076933
691 7.66332302330267
692 7.663454605836
693 7.66358618836933
694 7.66371777090267
695 7.663849353436
696 7.66398093596933
697 7.663657884398
698 7.663241714998
699 7.662825545598
700 7.662409376198
701 7.661993206798
702 7.661577037398
703 7.661160867998
704 7.660744698598
705 7.660328529198
706 7.659912359798
707 7.659496190398
708 7.659080020998
709 7.658663851598
710 7.658247682198
711 7.657831512798
712 7.657415343398
713 7.656999173998
714 7.656583004598
715 7.656166835198
716 7.655750665798
717 7.655334496398
718 7.654918326998
719 7.654502157598
720 7.654085988198
721 7.653669818798
722 7.653253649398
723 7.652837479998
724 7.652421310598
725 7.652005141198
726 7.651588971798
727 7.65138485779767
728 7.651224176831
729 7.65106349586433
730 7.65090281489767
731 7.650742133931
732 7.65058145296433
733 7.65042077199767
734 7.650260091031
735 7.65009941006433
736 7.64993872909767
737 7.649778048131
738 7.64961736716433
739 7.64945668619767
740 7.649296005231
741 7.64913532426433
742 7.64897464329767
743 7.648813962331
744 7.64865328136433
745 7.64849260039767
746 7.648331919431
747 7.64817123846433
748 7.64801055749767
749 7.647849876531
750 7.64768919556433
751 7.64752851459767
752 7.647367833631
753 7.64720715266433
754 7.64704647169767
755 7.646885790731
756 7.64672510976433
757 7.64687971450667
758 7.64709889584
759 7.64731807717333
760 7.64753725850667
761 7.64775643984
762 7.64797562117333
763 7.64819480250667
764 7.64841398384
765 7.64863316517333
766 7.64885234650667
767 7.64907152784
768 7.64929070917333
769 7.64950989050667
770 7.64972907184
771 7.64994825317333
772 7.65016743450667
773 7.65038661584
774 7.65060579717333
775 7.65082497850667
776 7.65104415984
777 7.65126334117333
778 7.65148252250667
779 7.65170170384
780 7.65192088517333
781 7.65214006650667
782 7.65235924784
783 7.65257842917333
784 7.65279761050667
785 7.65301679184
786 7.65323597317333
787 7.65365880084433
788 7.654123339211
789 7.65458787757767
790 7.65505241594433
791 7.655516954311
792 7.65598149267767
793 7.65644603104433
794 7.656910569411
795 7.65737510777767
796 7.65783964614433
797 7.658304184511
798 7.65876872287767
799 7.65923326124433
800 7.659697799611
801 7.66016233797767
802 7.66062687634433
803 7.661091414711
804 7.66155595307767
805 7.66202049144433
806 7.662485029811
807 7.66294956817767
808 7.66341410654433
809 7.663878644911
810 7.66434318327767
811 7.66480772164433
812 7.665272260011
813 7.66573679837767
814 7.66620133674433
815 7.666665875111
816 7.66713041347767
817 7.66695572615467
818 7.666650113088
819 7.66634450002133
820 7.66603888695467
821 7.665733273888
822 7.66542766082133
823 7.66512204775467
824 7.664816434688
825 7.66451082162133
826 7.66420520855467
827 7.663899595488
828 7.66359398242133
829 7.66328836935467
830 7.662982756288
831 7.66267714322133
832 7.66237153015467
833 7.662065917088
834 7.66176030402133
835 7.66145469095467
836 7.661149077888
837 7.66084346482133
838 7.66053785175467
839 7.660232238688
840 7.65992662562133
841 7.65962101255467
842 7.659315399488
843 7.65900978642133
844 7.65870417335467
845 7.658398560288
846 7.65809294722133
847 7.65764386826733
848 7.657165404734
849 7.65668694120067
850 7.65620847766733
851 7.655730014134
852 7.65525155060067
853 7.65477308706733
854 7.654294623534
855 7.65381616000067
856 7.65333769646733
857 7.652859232934
858 7.65238076940067
859 7.65190230586733
860 7.651423842334
861 7.65094537880067
862 7.65046691526733
863 7.649988451734
864 7.64950998820067
865 7.64903152466733
866 7.648553061134
867 7.64807459760067
868 7.64759613406733
869 7.647117670534
870 7.64663920700067
871 7.64616074346733
872 7.645682279934
873 7.64520381640067
874 7.64472535286733
875 7.644246889334
876 7.64376842580067
877 7.643510983825
878 7.643298811325
879 7.643086638825
880 7.642874466325
881 7.642662293825
882 7.642450121325
883 7.642237948825
884 7.642025776325
885 7.641813603825
886 7.641601431325
887 7.641389258825
888 7.641177086325
889 7.640964913825
890 7.640752741325
891 7.640540568825
892 7.640328396325
893 7.640116223825
894 7.639904051325
895 7.639691878825
896 7.639479706325
897 7.639267533825
898 7.639055361325
899 7.638843188825
900 7.638631016325
901 7.638418843825
902 7.638206671325
903 7.637994498825
904 7.637782326325
905 7.637570153825
906 7.637357981325
907 7.63760368324967
908 7.637943166683
909 7.63828265011633
910 7.63862213354967
911 7.638961616983
912 7.63930110041633
913 7.63964058384967
914 7.639980067283
915 7.64031955071633
916 7.64065903414967
917 7.640998517583
918 7.64133800101633
919 7.64167748444967
920 7.642016967883
921 7.64235645131633
922 7.64269593474967
923 7.643035418183
924 7.64337490161633
925 7.64371438504967
926 7.644053868483
927 7.64439335191633
928 7.64473283534967
929 7.645072318783
930 7.64541180221633
931 7.64575128564967
932 7.646090769083
933 7.64643025251633
934 7.64676973594967
935 7.647109219383
936 7.64744870281633
937 7.646911395636
938 7.646194504836
939 7.645477614036
940 7.644760723236
941 7.644043832436
942 7.643326941636
943 7.642610050836
944 7.641893160036
945 7.641176269236
946 7.640459378436
947 7.639742487636
948 7.639025596836
949 7.638308706036
950 7.637591815236
951 7.636874924436
952 7.636158033636
953 7.635441142836
954 7.634724252036
955 7.634007361236
956 7.633290470436
957 7.632573579636
958 7.631856688836
959 7.631139798036
960 7.630422907236
961 7.629706016436
962 7.628989125636
963 7.628272234836
964 7.627555344036
965 7.626838453236
966 7.626121562436
967 7.62618495211833
968 7.626408158285
969 7.62663136445167
970 7.62685457061833
971 7.627077776785
972 7.62730098295167
973 7.62752418911833
974 7.627747395285
975 7.62797060145167
976 7.62819380761833
977 7.628417013785
978 7.62864021995167
979 7.62886342611833
980 7.629086632285
981 7.62930983845167
982 7.62953304461833
983 7.629756250785
984 7.62997945695167
985 7.63020266311833
986 7.630425869285
987 7.63064907545167
988 7.63087228161833
989 7.631095487785
990 7.63131869395167
991 7.63154190011833
992 7.631765106285
993 7.63198831245167
994 7.63221151861833
995 7.632434724785
996 7.63265793095167
997 7.63265931248033
998 7.632615260047
999 7.63257120761367
1000 7.63252715518033
1001 7.632483102747
1002 7.63243905031367
1003 7.63239499788033
1004 7.632350945447
1005 7.63230689301367
1006 7.63226284058033
1007 7.632218788147
1008 7.63217473571367
1009 7.63213068328033
1010 7.632086630847
1011 7.63204257841367
1012 7.63199852598033
1013 7.631954473547
1014 7.63191042111367
1015 7.63186636868033
1016 7.631822316247
1017 7.63177826381367
1018 7.63173421138033
1019 7.631690158947
1020 7.63164610651367
1021 7.63160205408033
1022 7.631558001647
1023 7.63151394921367
1024 7.63146989678033
1025 7.631425844347
1026 7.63138179191367
1027 7.631271464672
1028 7.631147563072
1029 7.631023661472
1030 7.630899759872
1031 7.630775858272
1032 7.630651956672
1033 7.630528055072
1034 7.630404153472
1035 7.630280251872
1036 7.630156350272
1037 7.630032448672
1038 7.629908547072
1039 7.629784645472
1040 7.629660743872
1041 7.629536842272
1042 7.629412940672
1043 7.629289039072
1044 7.629165137472
1045 7.629041235872
1046 7.628917334272
1047 7.628793432672
1048 7.628669531072
1049 7.628545629472
1050 7.628421727872
1051 7.628297826272
1052 7.628173924672
1053 7.628050023072
1054 7.627926121472
1055 7.627802219872
1056 7.627678318272
1057 7.627618945686
1058 7.627572789886
1059 7.627526634086
1060 7.627480478286
1061 7.627434322486
1062 7.627388166686
1063 7.627342010886
1064 7.627295855086
1065 7.627249699286
1066 7.627203543486
1067 7.627157387686
1068 7.627111231886
1069 7.627065076086
1070 7.627018920286
1071 7.626972764486
1072 7.626926608686
1073 7.626880452886
1074 7.626834297086
1075 7.626788141286
1076 7.626741985486
1077 7.626695829686
1078 7.626649673886
1079 7.626603518086
1080 7.626557362286
1081 7.626511206486
1082 7.626465050686
1083 7.626418894886
1084 7.626372739086
1085 7.626326583286
1086 7.626280427486
1087 7.62606030689533
1088 7.625804554962
1089 7.62554880302867
1090 7.62529305109533
1091 7.625037299162
1092 7.62478154722867
1093 7.62452579529533
1094 7.624270043362
1095 7.62401429142867
1096 7.62375853949533
1097 7.623502787562
1098 7.62324703562867
1099 7.62299128369533
1100 7.622735531762
1101 7.62247977982867
1102 7.62222402789533
1103 7.621968275962
1104 7.62171252402867
1105 7.62145677209533
1106 7.621201020162
1107 7.62094526822867
1108 7.62068951629533
1109 7.620433764362
1110 7.62017801242867
1111 7.61992226049533
1112 7.619666508562
1113 7.61941075662867
1114 7.61915500469533
1115 7.618899252762
1116 7.61864350082867
1117 7.61851231109
1118 7.61840663409
1119 7.61830095709
1120 7.61819528009
1121 7.61808960309
1122 7.61798392609
1123 7.61787824909
1124 7.61777257209
1125 7.61766689509
1126 7.61756121809
1127 7.61745554109
1128 7.61734986409
1129 7.61724418709
1130 7.61713851009
1131 7.61703283309
1132 7.61692715609
1133 7.61682147909
1134 7.61671580209
1135 7.61661012509
1136 7.61650444809
1137 7.61639877109
1138 7.61629309409
1139 7.61618741709
1140 7.61608174009
1141 7.61597606309
1142 7.61587038609
1143 7.61576470909
1144 7.61565903209
1145 7.61555335509
1146 7.61544767809
1147 7.61556863485867
1148 7.615736010592
1149 7.61590338632533
1150 7.61607076205867
1151 7.616238137792
1152 7.61640551352533
1153 7.61657288925867
1154 7.616740264992
1155 7.61690764072533
1156 7.61707501645867
1157 7.617242392192
1158 7.61740976792533
1159 7.61757714365867
1160 7.617744519392
1161 7.61791189512533
1162 7.61807927085867
1163 7.618246646592
1164 7.61841402232533
1165 7.61858139805867
1166 7.618748773792
1167 7.61891614952533
1168 7.61908352525867
1169 7.619250900992
1170 7.61941827672533
1171 7.61958565245867
1172 7.619753028192
1173 7.61992040392533
1174 7.62008777965867
1175 7.620255155392
1176 7.62042253112533
1177 7.620288356626
1178 7.620092418826
1179 7.619896481026
1180 7.619700543226
1181 7.619504605426
1182 7.619308667626
1183 7.619112729826
1184 7.618916792026
1185 7.618720854226
1186 7.618524916426
1187 7.618328978626
1188 7.618133040826
1189 7.617937103026
1190 7.617741165226
1191 7.617545227426
1192 7.617349289626
1193 7.617153351826
1194 7.616957414026
1195 7.616761476226
1196 7.616565538426
1197 7.616369600626
1198 7.616173662826
1199 7.615977725026
1200 7.615781787226
1201 7.615585849426
1202 7.615389911626
1203 7.615193973826
1204 7.614998036026
1205 7.614802098226
1206 7.614606160426
1207 7.61444590014833
1208 7.614292947315
1209 7.61413999448167
1210 7.61398704164833
1211 7.613834088815
1212 7.61368113598167
1213 7.61352818314833
1214 7.613375230315
1215 7.61322227748167
1216 7.61306932464833
1217 7.612916371815
1218 7.61276341898167
1219 7.61261046614833
1220 7.612457513315
1221 7.61230456048167
1222 7.61215160764833
1223 7.611998654815
1224 7.61184570198167
1225 7.61169274914833
1226 7.611539796315
1227 7.61138684348167
1228 7.61123389064833
1229 7.611080937815
1230 7.61092798498167
1231 7.61077503214833
1232 7.610622079315
1233 7.61046912648167
1234 7.61031617364833
1235 7.610163220815
1236 7.61001026798167
1237 7.609740986028
1238 7.609447877628
1239 7.609154769228
1240 7.608861660828
1241 7.608568552428
1242 7.608275444028
1243 7.607982335628
1244 7.607689227228
1245 7.607396118828
1246 7.607103010428
1247 7.606809902028
1248 7.606516793628
1249 7.606223685228
1250 7.605930576828
1251 7.605637468428
1252 7.605344360028
1253 7.605051251628
1254 7.604758143228
1255 7.604465034828
1256 7.604171926428
1257 7.603878818028
1258 7.603585709628
1259 7.603292601228
1260 7.602999492828
1261 7.602706384428
1262 7.602413276028
1263 7.602120167628
1264 7.601827059228
1265 7.601533950828
1266 7.601240842428
1267 7.60096726099533
1268 7.600697679062
1269 7.60042809712867
1270 7.60015851519533
1271 7.599888933262
1272 7.59961935132867
1273 7.59934976939533
1274 7.599080187462
1275 7.59881060552867
1276 7.59854102359533
1277 7.598271441662
1278 7.59800185972867
1279 7.59773227779533
1280 7.597462695862
1281 7.59719311392867
1282 7.59692353199533
1283 7.596653950062
1284 7.59638436812867
1285 7.59611478619533
1286 7.595845204262
1287 7.59557562232867
1288 7.59530604039533
1289 7.595036458462
1290 7.59476687652867
1291 7.59449729459533
1292 7.594227712662
1293 7.59395813072867
1294 7.59368854879533
1295 7.593418966862
1296 7.59314938492867
1297 7.592963553343
1298 7.592794875443
1299 7.592626197543
1300 7.592457519643
1301 7.592288841743
1302 7.592120163843
1303 7.591951485943
1304 7.591782808043
1305 7.591614130143
1306 7.591445452243
1307 7.591276774343
1308 7.591108096443
1309 7.590939418543
1310 7.590770740643
1311 7.590602062743
1312 7.590433384843
1313 7.590264706943
1314 7.590096029043
1315 7.589927351143
1316 7.589758673243
1317 7.589589995343
1318 7.589421317443
1319 7.589252639543
1320 7.589083961643
1321 7.588915283743
1322 7.588746605843
1323 7.588577927943
1324 7.588409250043
1325 7.588240572143
1326 7.588071894243
1327 7.58797291902367
1328 7.587888220257
1329 7.58780352149033
1330 7.58771882272367
1331 7.587634123957
1332 7.58754942519033
1333 7.58746472642367
1334 7.587380027657
1335 7.58729532889033
1336 7.58721063012367
1337 7.587125931357
1338 7.58704123259033
1339 7.58695653382367
1340 7.586871835057
1341 7.58678713629033
1342 7.58670243752367
1343 7.586617738757
1344 7.58653303999033
1345 7.58644834122367
1346 7.586363642457
1347 7.58627894369033
1348 7.58619424492367
1349 7.586109546157
1350 7.58602484739033
1351 7.58594014862367
1352 7.585855449857
1353 7.58577075109033
1354 7.58568605232367
1355 7.585601353557
1356 7.58551665479033
1357 7.58548836913167
1358 7.585471637965
1359 7.58545490679833
1360 7.58543817563167
1361 7.585421444465
1362 7.58540471329833
1363 7.58538798213167
1364 7.585371250965
1365 7.58535451979833
1366 7.58533778863167
1367 7.585321057465
1368 7.58530432629833
1369 7.58528759513167
1370 7.585270863965
1371 7.58525413279833
1372 7.58523740163167
1373 7.585220670465
1374 7.58520393929833
1375 7.58518720813167
1376 7.585170476965
1377 7.58515374579833
1378 7.58513701463167
1379 7.585120283465
1380 7.58510355229833
1381 7.58508682113167
1382 7.585070089965
1383 7.58505335879833
1384 7.58503662763167
1385 7.585019896465
1386 7.58500316529833
1387 7.584862045158
1388 7.584695447758
1389 7.584528850358
1390 7.584362252958
1391 7.584195655558
1392 7.584029058158
1393 7.583862460758
1394 7.583695863358
1395 7.583529265958
1396 7.583362668558
1397 7.583196071158
1398 7.583029473758
1399 7.582862876358
1400 7.582696278958
1401 7.582529681558
1402 7.582363084158
1403 7.582196486758
1404 7.582029889358
1405 7.581863291958
1406 7.581696694558
1407 7.581530097158
1408 7.581363499758
1409 7.581196902358
1410 7.581030304958
1411 7.580863707558
1412 7.580697110158
1413 7.580530512758
1414 7.580363915358
1415 7.580197317958
1416 7.580030720558
1417 7.57987790386933
1418 7.579727909736
1419 7.57957791560267
1420 7.57942792146933
1421 7.579277927336
1422 7.57912793320267
1423 7.57897793906933
1424 7.578827944936
1425 7.57867795080267
1426 7.57852795666933
1427 7.578377962536
1428 7.57822796840267
1429 7.57807797426933
1430 7.577927980136
1431 7.57777798600267
1432 7.57762799186933
1433 7.577477997736
1434 7.57732800360267
1435 7.57717800946933
1436 7.577028015336
1437 7.57687802120267
1438 7.57672802706933
1439 7.576578032936
1440 7.57642803880267
1441 7.57627804466933
1442 7.576128050536
1443 7.57597805640267
1444 7.57582806226933
1445 7.575678068136
1446 7.57552807400267
1447 7.57568931432067
1448 7.575914301454
1449 7.57613928858733
1450 7.57636427572067
1451 7.576589262854
1452 7.57681424998733
1453 7.57703923712067
1454 7.577264224254
1455 7.57748921138733
1456 7.57771419852067
1457 7.577939185654
1458 7.57816417278733
1459 7.57838915992067
1460 7.578614147054
1461 7.57883913418733
1462 7.57906412132067
1463 7.579289108454
1464 7.57951409558733
1465 7.57973908272067
1466 7.579964069854
1467 7.58018905698733
1468 7.58041404412067
1469 7.580639031254
1470 7.58086401838733
1471 7.58108900552067
1472 7.581313992654
1473 7.58153897978733
1474 7.58176396692067
1475 7.581988954054
1476 7.58221394118733
1477 7.58193535597733
1478 7.581553629444
1479 7.58117190291067
1480 7.58079017637733
1481 7.580408449844
1482 7.58002672331067
1483 7.57964499677733
1484 7.579263270244
1485 7.57888154371067
1486 7.57849981717733
1487 7.578118090644
1488 7.57773636411067
1489 7.57735463757733
1490 7.576972911044
1491 7.57659118451067
1492 7.57620945797733
1493 7.575827731444
1494 7.57544600491067
1495 7.57506427837733
1496 7.574682551844
1497 7.57430082531067
1498 7.57391909877733
1499 7.573537372244
1500 7.57315564571067
1501 7.57277391917733
1502 7.572392192644
1503 7.57201046611067
1504 7.57162873957733
1505 7.571247013044
1506 7.57086528651067
1507 7.57087134632467
1508 7.570956832258
1509 7.57104231819133
1510 7.57112780412467
1511 7.571213290058
1512 7.57129877599133
1513 7.57138426192467
1514 7.571469747858
1515 7.57155523379133
1516 7.57164071972467
1517 7.571726205658
1518 7.57181169159133
1519 7.57189717752467
1520 7.571982663458
1521 7.57206814939133
1522 7.57215363532467
1523 7.572239121258
1524 7.57232460719133
1525 7.57241009312467
1526 7.572495579058
1527 7.57258106499133
1528 7.57266655092467
1529 7.572752036858
1530 7.57283752279133
1531 7.57292300872467
1532 7.573008494658
1533 7.57309398059133
1534 7.57317946652467
1535 7.573264952458
1536 7.57335043839133
1537 7.57338306945433
1538 7.573404874821
1539 7.57342668018767
1540 7.57344848555433
1541 7.573470290921
1542 7.57349209628767
1543 7.57351390165433
1544 7.573535707021
1545 7.57355751238767
1546 7.57357931775433
1547 7.573601123121
1548 7.57362292848767
1549 7.57364473385433
1550 7.573666539221
1551 7.57368834458767
1552 7.57371014995433
1553 7.573731955321
1554 7.57375376068767
1555 7.57377556605433
1556 7.573797371421
1557 7.57381917678767
1558 7.57384098215433
1559 7.573862787521
1560 7.57388459288767
1561 7.57390639825433
1562 7.573928203621
1563 7.57395000898767
1564 7.57397181435433
1565 7.573993619721
1566 7.57401542508767
1567 7.574096060716
1568 7.574188745916
1569 7.574281431116
1570 7.574374116316
1571 7.574466801516
1572 7.574559486716
1573 7.574652171916
1574 7.574744857116
1575 7.574837542316
1576 7.574930227516
1577 7.575022912716
1578 7.575115597916
1579 7.575208283116
1580 7.575300968316
1581 7.575393653516
1582 7.575486338716
1583 7.575579023916
1584 7.575671709116
1585 7.575764394316
1586 7.575857079516
1587 7.575949764716
1588 7.576042449916
1589 7.576135135116
1590 7.576227820316
1591 7.576320505516
1592 7.576413190716
1593 7.576505875916
1594 7.576598561116
1595 7.576691246316
1596 7.576783931516
1597 7.57642034026267
1598 7.575963294796
1599 7.57550624932933
1600 7.57504920386267
1601 7.574592158396
1602 7.57413511292933
1603 7.57367806746267
1604 7.573221021996
1605 7.57276397652933
1606 7.57230693106267
1607 7.571849885596
1608 7.57139284012933
1609 7.57093579466267
1610 7.570478749196
1611 7.57002170372933
1612 7.56956465826267
1613 7.569107612796
1614 7.56865056732933
1615 7.56819352186267
1616 7.567736476396
1617 7.56727943092933
1618 7.56682238546267
1619 7.566365339996
1620 7.56590829452933
1621 7.56545124906267
1622 7.564994203596
1623 7.56453715812933
1624 7.56408011266267
1625 7.563623067196
1626 7.56316602172933
1627 7.56299100572533
1628 7.562873754792
1629 7.56275650385867
1630 7.56263925292533
1631 7.562522001992
1632 7.56240475105867
1633 7.56228750012533
1634 7.562170249192
1635 7.56205299825867
1636 7.56193574732533
1637 7.561818496392
1638 7.56170124545867
1639 7.56158399452533
1640 7.561466743592
1641 7.56134949265867
1642 7.56123224172533
1643 7.561114990792
1644 7.56099773985867
1645 7.56088048892533
1646 7.560763237992
1647 7.56064598705867
1648 7.56052873612533
1649 7.560411485192
1650 7.56029423425867
1651 7.56017698332533
1652 7.560059732392
1653 7.55994248145867
1654 7.55982523052533
1655 7.559707979592
1656 7.55959072865867
1657 7.55986542660567
1658 7.560220403239
1659 7.56057537987233
1660 7.56093035650567
1661 7.561285333139
1662 7.56164030977233
1663 7.56199528640567
1664 7.562350263039
1665 7.56270523967233
1666 7.56306021630567
1667 7.563415192939
1668 7.56377016957233
1669 7.56412514620567
1670 7.564480122839
1671 7.56483509947233
1672 7.56519007610567
1673 7.565545052739
1674 7.56590002937233
1675 7.56625500600567
1676 7.566609982639
1677 7.56696495927233
1678 7.56731993590567
1679 7.567674912539
1680 7.56802988917233
1681 7.56838486580567
1682 7.568739842439
1683 7.56909481907233
1684 7.56944979570567
1685 7.569804772339
1686 7.57015974897233
1687 7.56976912797367
1688 7.569225794207
1689 7.56868246044033
1690 7.56813912667367
1691 7.567595792907
1692 7.56705245914033
1693 7.56650912537367
1694 7.565965791607
1695 7.56542245784033
1696 7.56487912407367
1697 7.564335790307
1698 7.56379245654033
1699 7.56324912277367
1700 7.562705789007
1701 7.56216245524033
1702 7.56161912147367
1703 7.561075787707
1704 7.56053245394033
1705 7.55998912017367
1706 7.559445786407
1707 7.55890245264033
1708 7.55835911887367
1709 7.557815785107
1710 7.55727245134033
1711 7.55672911757367
1712 7.556185783807
1713 7.55564245004033
1714 7.55509911627367
1715 7.554555782507
1716 7.55401244874033
1717 7.55369897185367
1718 7.553432574087
1719 7.55316617632033
1720 7.55289977855367
1721 7.552633380787
1722 7.55236698302033
1723 7.55210058525367
1724 7.551834187487
1725 7.55156778972033
1726 7.55130139195367
1727 7.551034994187
1728 7.55076859642033
1729 7.55050219865367
1730 7.550235800887
1731 7.54996940312033
1732 7.54970300535367
1733 7.549436607587
1734 7.54917020982033
1735 7.54890381205367
1736 7.548637414287
1737 7.54837101652033
1738 7.54810461875367
1739 7.547838220987
1740 7.54757182322033
1741 7.54730542545367
1742 7.547039027687
1743 7.54677262992033
1744 7.54650623215367
1745 7.546239834387
1746 7.54597343662033
1747 7.54607754562467
1748 7.546257541558
1749 7.54643753749133
1750 7.54661753342467
1751 7.546797529358
1752 7.54697752529133
1753 7.54715752122467
1754 7.547337517158
1755 7.54751751309133
1756 7.54769750902467
1757 7.547877504958
1758 7.54805750089133
1759 7.54823749682467
1760 7.548417492758
1761 7.54859748869133
1762 7.54877748462467
1763 7.548957480558
1764 7.54913747649133
1765 7.54931747242467
1766 7.549497468358
1767 7.54967746429133
1768 7.54985746022467
1769 7.550037456158
1770 7.55021745209133
1771 7.55039744802467
1772 7.550577443958
1773 7.55075743989133
1774 7.55093743582467
1775 7.551117431758
1776 7.55129742769133
1777 7.55148295518733
1778 7.551669615654
1779 7.55185627612067
1780 7.55204293658733
1781 7.552229597054
1782 7.55241625752067
1783 7.55260291798733
1784 7.552789578454
1785 7.55297623892067
1786 7.55316289938733
1787 7.553349559854
1788 7.55353622032067
1789 7.55372288078733
1790 7.553909541254
1791 7.55409620172067
1792 7.55428286218733
1793 7.554469522654
1794 7.55465618312067
1795 7.55484284358733
1796 7.555029504054
1797 7.55521616452067
1798 7.55540282498733
1799 7.555589485454
1800 7.55577614592067
1801 7.55596280638733
1802 7.556149466854
1803 7.55633612732067
1804 7.55652278778733
1805 7.556709448254
1806 7.55689610872067
1807 7.55655010420967
1808 7.556094999643
1809 7.55563989507633
1810 7.55518479050967
1811 7.554729685943
1812 7.55427458137633
1813 7.55381947680967
1814 7.553364372243
1815 7.55290926767633
1816 7.55245416310967
1817 7.551999058543
1818 7.55154395397633
1819 7.55108884940967
1820 7.550633744843
1821 7.55017864027633
1822 7.54972353570967
1823 7.549268431143
1824 7.54881332657633
1825 7.54835822200967
1826 7.547903117443
1827 7.54744801287633
1828 7.54699290830967
1829 7.546537803743
1830 7.54608269917633
1831 7.54562759460967
1832 7.545172490043
1833 7.54471738547633
1834 7.54426228090967
1835 7.543807176343
1836 7.54335207177633
1837 7.54326805044333
1838 7.54326003411
1839 7.54325201777667
1840 7.54324400144333
1841 7.54323598511
1842 7.54322796877667
1843 7.54321995244333
1844 7.54321193611
1845 7.54320391977667
1846 7.54319590344333
1847 7.54318788711
1848 7.54317987077667
1849 7.54317185444333
1850 7.54316383811
1851 7.54315582177667
1852 7.54314780544333
1853 7.54313978911
1854 7.54313177277667
1855 7.54312375644333
1856 7.54311574011
1857 7.54310772377667
1858 7.54309970744333
1859 7.54309169111
1860 7.54308367477667
1861 7.54307565844333
1862 7.54306764211
1863 7.54305962577667
1864 7.54305160944333
1865 7.54304359311
1866 7.54303557677667
1867 7.54306788200933
1868 7.543108445876
1869 7.54314900974267
1870 7.54318957360933
1871 7.543230137476
1872 7.54327070134267
1873 7.54331126520933
1874 7.543351829076
1875 7.54339239294267
1876 7.54343295680933
1877 7.543473520676
1878 7.54351408454267
1879 7.54355464840933
1880 7.543595212276
1881 7.54363577614267
1882 7.54367634000933
1883 7.543716903876
1884 7.54375746774267
1885 7.54379803160933
1886 7.543838595476
1887 7.54387915934267
1888 7.54391972320933
1889 7.543960287076
1890 7.54400085094267
1891 7.54404141480933
1892 7.544081978676
1893 7.54412254254267
1894 7.54416310640933
1895 7.544203670276
1896 7.54424423414267
1897 7.54439432547333
1898 7.54456685014
1899 7.54473937480667
1900 7.54491189947333
1901 7.54508442414
1902 7.54525694880667
1903 7.54542947347333
1904 7.54560199814
1905 7.54577452280667
1906 7.54594704747333
1907 7.54611957214
1908 7.54629209680667
1909 7.54646462147333
1910 7.54663714614
1911 7.54680967080667
1912 7.54698219547333
1913 7.54715472014
1914 7.54732724480667
1915 7.54749976947333
1916 7.54767229414
1917 7.54784481880667
1918 7.54801734347333
1919 7.54818986814
1920 7.54836239280667
1921 7.54853491747333
1922 7.54870744214
1923 7.54887996680667
1924 7.54905249147333
1925 7.54922501614
1926 7.54939754080667
1927 7.548880527148
1928 7.548222282748
1929 7.547564038348
1930 7.546905793948
1931 7.546247549548
1932 7.545589305148
1933 7.544931060748
1934 7.544272816348
1935 7.543614571948
1936 7.542956327548
1937 7.542298083148
1938 7.541639838748
1939 7.540981594348
1940 7.540323349948
1941 7.539665105548
1942 7.539006861148
1943 7.538348616748
1944 7.537690372348
1945 7.537032127948
1946 7.536373883548
1947 7.535715639148
1948 7.535057394748
1949 7.534399150348
1950 7.533740905948
1951 7.533082661548
1952 7.532424417148
1953 7.531766172748
1954 7.531107928348
1955 7.530449683948
1956 7.529791439548
1957 7.52990828287367
1958 7.530183879107
1959 7.53045947534033
1960 7.53073507157367
1961 7.531010667807
1962 7.53128626404033
1963 7.53156186027367
1964 7.531837456507
1965 7.53211305274033
1966 7.53238864897367
1967 7.532664245207
1968 7.53293984144033
1969 7.53321543767367
1970 7.533491033907
1971 7.53376663014033
1972 7.53404222637367
1973 7.534317822607
1974 7.53459341884033
1975 7.53486901507367
1976 7.535144611307
1977 7.53542020754033
1978 7.53569580377367
1979 7.535971400007
1980 7.53624699624033
1981 7.53652259247367
1982 7.536798188707
1983 7.53707378494033
1984 7.53734938117367
1985 7.537624977407
1986 7.53790057364033
1987 7.53768222926533
1988 7.537362716332
1989 7.53704320339867
1990 7.53672369046533
1991 7.536404177532
1992 7.53608466459867
1993 7.53576515166533
1994 7.535445638732
1995 7.53512612579867
1996 7.53480661286533
1997 7.534487099932
1998 7.53416758699867
1999 7.53384807406533
2000 7.533528561132
2001 7.53320904819867
2002 7.53288953526533
2003 7.532570022332
2004 7.53225050939867
2005 7.53193099646533
2006 7.531611483532
2007 7.53129197059867
2008 7.53097245766533
2009 7.530652944732
2010 7.53033343179867
2011 7.53001391886533
2012 7.529694405932
2013 7.52937489299867
2014 7.52905538006533
2015 7.528735867132
2016 7.52841635419867
2017 7.528319157042
2018 7.528267494442
2019 7.528215831842
2020 7.528164169242
2021 7.528112506642
2022 7.528060844042
2023 7.528009181442
2024 7.527957518842
2025 7.527905856242
2026 7.527854193642
2027 7.527802531042
2028 7.527750868442
2029 7.527699205842
2030 7.527647543242
2031 7.527595880642
2032 7.527544218042
2033 7.527492555442
2034 7.527440892842
2035 7.527389230242
2036 7.527337567642
2037 7.527285905042
2038 7.527234242442
2039 7.527182579842
2040 7.527130917242
2041 7.527079254642
2042 7.527027592042
2043 7.526975929442
2044 7.526924266842
2045 7.526872604242
2046 7.526820941642
2047 7.527129829714
2048 7.527512565514
2049 7.527895301314
2050 7.528278037114
2051 7.528660772914
2052 7.529043508714
2053 7.529426244514
2054 7.529808980314
2055 7.530191716114
2056 7.530574451914
2057 7.530957187714
2058 7.531339923514
2059 7.531722659314
2060 7.532105395114
2061 7.532488130914
2062 7.532870866714
2063 7.533253602514
2064 7.533636338314
2065 7.534019074114
2066 7.534401809914
2067 7.534784545714
2068 7.535167281514
2069 7.535550017314
2070 7.535932753114
2071 7.536315488914
2072 7.536698224714
2073 7.537080960514
2074 7.537463696314
2075 7.537846432114
2076 7.538229167914
2077 7.53791453951233
2078 7.537457077479
2079 7.53699961544567
2080 7.53654215341233
2081 7.536084691379
2082 7.53562722934567
2083 7.53516976731233
2084 7.534712305279
2085 7.53425484324567
2086 7.53379738121233
2087 7.533339919179
2088 7.53288245714567
2089 7.53242499511233
2090 7.531967533079
2091 7.53151007104567
2092 7.53105260901233
2093 7.530595146979
2094 7.53013768494567
2095 7.52968022291233
2096 7.529222760879
2097 7.52876529884567
2098 7.52830783681233
2099 7.527850374779
2100 7.52739291274567
2101 7.52693545071233
2102 7.526477988679
2103 7.52602052664567
2104 7.52556306461233
2105 7.525105602579
2106 7.52464814054567
2107 7.524457666964
2108 7.524321877764
2109 7.524186088564
2110 7.524050299364
2111 7.523914510164
2112 7.523778720964
2113 7.523642931764
2114 7.523507142564
2115 7.523371353364
2116 7.523235564164
2117 7.523099774964
2118 7.522963985764
2119 7.522828196564
2120 7.522692407364
2121 7.522556618164
2122 7.522420828964
2123 7.522285039764
2124 7.522149250564
2125 7.522013461364
2126 7.521877672164
2127 7.521741882964
2128 7.521606093764
2129 7.521470304564
2130 7.521334515364
2131 7.521198726164
2132 7.521062936964
2133 7.520927147764
2134 7.520791358564
2135 7.520655569364
2136 7.520519780164
2137 7.52028607069033
2138 7.520032305257
2139 7.51977853982367
2140 7.51952477439033
2141 7.519271008957
2142 7.51901724352367
2143 7.51876347809033
2144 7.518509712657
2145 7.51825594722367
2146 7.51800218179033
2147 7.517748416357
2148 7.51749465092367
2149 7.51724088549033
2150 7.516987120057
2151 7.51673335462367
2152 7.51647958919033
2153 7.516225823757
2154 7.51597205832367
2155 7.51571829289033
2156 7.515464527457
2157 7.51521076202367
2158 7.51495699659033
2159 7.514703231157
2160 7.51444946572367
2161 7.51419570029033
2162 7.513941934857
2163 7.51368816942367
2164 7.51343440399033
2165 7.513180638557
2166 7.51292687312367
2167 7.513005635764
2168 7.513152506564
2169 7.513299377364
2170 7.513446248164
2171 7.513593118964
2172 7.513739989764
2173 7.513886860564
2174 7.514033731364
2175 7.514180602164
2176 7.514327472964
2177 7.514474343764
2178 7.514621214564
2179 7.514768085364
2180 7.514914956164
2181 7.515061826964
2182 7.515208697764
2183 7.515355568564
2184 7.515502439364
2185 7.515649310164
2186 7.515796180964
2187 7.515943051764
2188 7.516089922564
2189 7.516236793364
2190 7.516383664164
2191 7.516530534964
2192 7.516677405764
2193 7.516824276564
2194 7.516971147364
2195 7.517118018164
2196 7.517264888964
2197 7.51709650186
2198 7.51686354386
2199 7.51663058586
2200 7.51639762786
2201 7.51616466986
2202 7.51593171186
2203 7.51569875386
2204 7.51546579586
2205 7.51523283786
2206 7.51499987986
2207 7.51476692186
2208 7.51453396386
2209 7.51430100586
2210 7.51406804786
2211 7.51383508986
2212 7.51360213186
2213 7.51336917386
2214 7.51313621586
2215 7.51290325786
2216 7.51267029986
2217 7.51243734186
2218 7.51220438386
2219 7.51197142586
2220 7.51173846786
2221 7.51150550986
2222 7.51127255186
2223 7.51103959386
2224 7.51080663586
2225 7.51057367786
2226 7.51034071986
2227 7.510319164935
2228 7.510340909435
2229 7.510362653935
2230 7.510384398435
2231 7.510406142935
2232 7.510427887435
2233 7.510449631935
2234 7.510471376435
2235 7.510493120935
2236 7.510514865435
2237 7.510536609935
2238 7.510558354435
2239 7.510580098935
2240 7.510601843435
2241 7.510623587935
2242 7.510645332435
2243 7.510667076935
2244 7.510688821435
2245 7.510710565935
2246 7.510732310435
2247 7.510754054935
2248 7.510775799435
2249 7.510797543935
2250 7.510819288435
2251 7.510841032935
2252 7.510862777435
2253 7.510884521935
2254 7.510906266435
2255 7.510928010935
2256 7.510949755435
2257 7.51101633548367
2258 7.511092098717
2259 7.51116786195033
2260 7.51124362518367
2261 7.511319388417
2262 7.51139515165033
2263 7.51147091488367
2264 7.511546678117
2265 7.51162244135033
2266 7.51169820458367
2267 7.511773967817
2268 7.51184973105033
2269 7.51192549428367
2270 7.512001257517
2271 7.51207702075033
2272 7.51215278398367
2273 7.512228547217
2274 7.51230431045033
2275 7.51238007368367
2276 7.512455836917
2277 7.51253160015033
2278 7.51260736338367
2279 7.512683126617
2280 7.51275888985033
2281 7.51283465308367
2282 7.512910416317
2283 7.51298617955033
2284 7.51306194278367
2285 7.513137706017
2286 7.51321346925033
2287 7.51286132045033
2288 7.512421527017
2289 7.51198173358367
2290 7.51154194015033
2291 7.511102146717
2292 7.51066235328367
2293 7.51022255985033
2294 7.509782766417
2295 7.50934297298367
2296 7.50890317955033
2297 7.508463386117
2298 7.50802359268367
2299 7.50758379925033
2300 7.507144005817
2301 7.50670421238367
2302 7.50626441895033
2303 7.505824625517
2304 7.50538483208367
2305 7.50494503865033
2306 7.504505245217
2307 7.50406545178367
2308 7.50362565835033
2309 7.503185864917
2310 7.50274607148367
2311 7.50230627805033
2312 7.501866484617
2313 7.50142669118367
2314 7.50098689775033
2315 7.500547104317
2316 7.50010731088367
2317 7.499774228337
2318 7.499463002237
2319 7.499151776137
2320 7.498840550037
2321 7.498529323937
2322 7.498218097837
2323 7.497906871737
2324 7.497595645637
2325 7.497284419537
2326 7.496973193437
2327 7.496661967337
2328 7.496350741237
2329 7.496039515137
2330 7.495728289037
2331 7.495417062937
2332 7.495105836837
2333 7.494794610737
2334 7.494483384637
2335 7.494172158537
2336 7.493860932437
2337 7.493549706337
2338 7.493238480237
2339 7.492927254137
2340 7.492616028037
2341 7.492304801937
2342 7.491993575837
2343 7.491682349737
2344 7.491371123637
2345 7.491059897537
2346 7.490748671437
2347 7.49079825043167
2348 7.490921729265
2349 7.49104520809833
2350 7.49116868693167
2351 7.491292165765
2352 7.49141564459833
2353 7.49153912343167
2354 7.491662602265
2355 7.49178608109833
2356 7.49190955993167
2357 7.492033038765
2358 7.49215651759833
2359 7.49227999643167
2360 7.492403475265
2361 7.49252695409833
2362 7.49265043293167
2363 7.492773911765
2364 7.49289739059833
2365 7.49302086943167
2366 7.493144348265
2367 7.49326782709833
2368 7.49339130593167
2369 7.493514784765
2370 7.49363826359833
2371 7.49376174243167
2372 7.493885221265
2373 7.49400870009833
2374 7.49413217893167
2375 7.494255657765
2376 7.49437913659833
2377 7.49428029829933
2378 7.494135925166
2379 7.49399155203267
2380 7.49384717889933
2381 7.493702805766
2382 7.49355843263267
2383 7.49341405949933
2384 7.493269686366
2385 7.49312531323267
2386 7.49298094009933
2387 7.492836566966
2388 7.49269219383267
2389 7.49254782069933
2390 7.492403447566
2391 7.49225907443267
2392 7.49211470129933
2393 7.491970328166
2394 7.49182595503267
2395 7.49168158189933
2396 7.491537208766
2397 7.49139283563267
2398 7.49124846249933
2399 7.491104089366
2400 7.49095971623267
2401 7.49081534309933
2402 7.490670969966
2403 7.49052659683267
2404 7.49038222369933
2405 7.490237850566
2406 7.49009347743267
2407 7.490131176115
2408 7.490206166615
2409 7.490281157115
2410 7.490356147615
2411 7.490431138115
2412 7.490506128615
2413 7.490581119115
2414 7.490656109615
2415 7.490731100115
2416 7.490806090615
2417 7.490881081115
2418 7.490956071615
2419 7.491031062115
2420 7.491106052615
2421 7.491181043115
2422 7.491256033615
2423 7.491331024115
2424 7.491406014615
2425 7.491481005115
2426 7.491555995615
2427 7.491630986115
2428 7.491705976615
2429 7.491780967115
2430 7.491855957615
2431 7.491930948115
2432 7.492005938615
2433 7.492080929115
2434 7.492155919615
2435 7.492230910115
2436 7.492305900615
2437 7.49260062022433
2438 7.492940344591
2439 7.49328006895767
2440 7.49361979332433
2441 7.493959517691
2442 7.49429924205767
2443 7.49463896642433
2444 7.494978690791
2445 7.49531841515767
2446 7.49565813952433
2447 7.495997863891
2448 7.49633758825767
2449 7.49667731262433
2450 7.497017036991
2451 7.49735676135767
2452 7.49769648572433
2453 7.498036210091
2454 7.49837593445767
2455 7.49871565882433
2456 7.499055383191
2457 7.49939510755767
2458 7.49973483192433
2459 7.500074556291
2460 7.50041428065767
2461 7.50075400502433
2462 7.501093729391
2463 7.50143345375767
2464 7.50177317812433
2465 7.502112902491
2466 7.50245262685767
2467 7.502114129783
2468 7.501636719883
2469 7.501159309983
2470 7.500681900083
2471 7.500204490183
2472 7.499727080283
2473 7.499249670383
2474 7.498772260483
2475 7.498294850583
2476 7.497817440683
2477 7.497340030783
2478 7.496862620883
2479 7.496385210983
2480 7.495907801083
2481 7.495430391183
2482 7.494952981283
2483 7.494475571383
2484 7.493998161483
2485 7.493520751583
2486 7.493043341683
2487 7.492565931783
2488 7.492088521883
2489 7.491611111983
2490 7.491133702083
2491 7.490656292183
2492 7.490178882283
2493 7.489701472383
2494 7.489224062483
2495 7.488746652583
2496 7.488269242683
2497 7.48794133700333
2498 7.48764405267
2499 7.48734676833667
2500 7.48704948400333
2501 7.48675219967
2502 7.48645491533667
2503 7.48615763100333
2504 7.48586034667
2505 7.48556306233667
2506 7.48526577800333
2507 7.48496849367
2508 7.48467120933667
2509 7.48437392500333
2510 7.48407664067
2511 7.48377935633667
2512 7.48348207200333
2513 7.48318478767
2514 7.48288750333667
2515 7.48259021900333
2516 7.48229293467
2517 7.48199565033667
2518 7.48169836600333
2519 7.48140108167
2520 7.48110379733667
2521 7.48080651300333
2522 7.48050922867
2523 7.48021194433667
2524 7.47991466000333
2525 7.47961737567
2526 7.47932009133667
2527 7.479418236544
2528 7.479597373344
2529 7.479776510144
2530 7.479955646944
2531 7.480134783744
2532 7.480313920544
2533 7.480493057344
2534 7.480672194144
2535 7.480851330944
2536 7.481030467744
2537 7.481209604544
2538 7.481388741344
2539 7.481567878144
2540 7.481747014944
2541 7.481926151744
2542 7.482105288544
2543 7.482284425344
2544 7.482463562144
2545 7.482642698944
2546 7.482821835744
2547 7.483000972544
2548 7.483180109344
2549 7.483359246144
2550 7.483538382944
2551 7.483717519744
2552 7.483896656544
2553 7.484075793344
2554 7.484254930144
2555 7.484434066944
2556 7.484613203744
2557 7.48474091028567
2558 7.484858082919
2559 7.48497525555233
2560 7.48509242818567
2561 7.485209600819
2562 7.48532677345233
2563 7.48544394608567
2564 7.485561118719
2565 7.48567829135233
2566 7.48579546398567
2567 7.485912636619
2568 7.48602980925233
2569 7.48614698188567
2570 7.486264154519
2571 7.48638132715233
2572 7.48649849978567
2573 7.486615672419
2574 7.48673284505233
2575 7.48685001768567
2576 7.486967190319
2577 7.48708436295233
2578 7.48720153558567
2579 7.487318708219
2580 7.48743588085233
2581 7.48755305348567
2582 7.487670226119
2583 7.48778739875233
2584 7.48790457138567
2585 7.488021744019
2586 7.48813891665233
2587 7.488090528162
2588 7.488008229562
2589 7.487925930962
2590 7.487843632362
2591 7.487761333762
2592 7.487679035162
2593 7.487596736562
2594 7.487514437962
2595 7.487432139362
2596 7.487349840762
2597 7.487267542162
2598 7.487185243562
2599 7.487102944962
2600 7.487020646362
2601 7.486938347762
2602 7.486856049162
2603 7.486773750562
2604 7.486691451962
2605 7.486609153362
2606 7.486526854762
2607 7.486444556162
2608 7.486362257562
2609 7.486279958962
2610 7.486197660362
2611 7.486115361762
2612 7.486033063162
2613 7.485950764562
2614 7.485868465962
2615 7.485786167362
2616 7.485703868762
2617 7.485679326293
2618 7.485666613393
2619 7.485653900493
2620 7.485641187593
2621 7.485628474693
2622 7.485615761793
2623 7.485603048893
2624 7.485590335993
2625 7.485577623093
2626 7.485564910193
2627 7.485552197293
2628 7.485539484393
2629 7.485526771493
2630 7.485514058593
2631 7.485501345693
2632 7.485488632793
2633 7.485475919893
2634 7.485463206993
2635 7.485450494093
2636 7.485437781193
2637 7.485425068293
2638 7.485412355393
2639 7.485399642493
2640 7.485386929593
2641 7.485374216693
2642 7.485361503793
2643 7.485348790893
2644 7.485336077993
2645 7.485323365093
2646 7.485310652193
2647 7.48514084082167
2648 7.484938852655
2649 7.48473686448833
2650 7.48453487632167
2651 7.484332888155
2652 7.48413089998833
2653 7.48392891182167
2654 7.483726923655
2655 7.48352493548833
2656 7.48332294732167
2657 7.483120959155
2658 7.48291897098833
2659 7.48271698282167
2660 7.482514994655
2661 7.48231300648833
2662 7.48211101832167
2663 7.481909030155
2664 7.48170704198833
2665 7.48150505382167
2666 7.481303065655
2667 7.48110107748833
2668 7.48089908932167
2669 7.480697101155
2670 7.48049511298833
2671 7.48029312482167
2672 7.480091136655
2673 7.47988914848833
2674 7.47968716032167
2675 7.479485172155
2676 7.47928318398833
2677 7.47934455164
2678 7.47945985964
2679 7.47957516764
2680 7.47969047564
2681 7.47980578364
2682 7.47992109164
2683 7.48003639964
2684 7.48015170764
2685 7.48026701564
2686 7.48038232364
2687 7.48049763164
2688 7.48061293964
2689 7.48072824764
2690 7.48084355564
2691 7.48095886364
2692 7.48107417164
2693 7.48118947964
2694 7.48130478764
2695 7.48142009564
2696 7.48153540364
2697 7.48165071164
2698 7.48176601964
2699 7.48188132764
2700 7.48199663564
2701 7.48211194364
2702 7.48222725164
2703 7.48234255964
2704 7.48245786764
2705 7.48257317564
2706 7.48268848364
2707 7.48260016691
2708 7.48247014391
2709 7.48234012091
2710 7.48221009791
2711 7.48208007491
2712 7.48195005191
2713 7.48182002891
2714 7.48169000591
2715 7.48155998291
2716 7.48142995991
2717 7.48129993691
2718 7.48116991391
2719 7.48103989091
2720 7.48090986791
2721 7.48077984491
2722 7.48064982191
2723 7.48051979891
2724 7.48038977591
2725 7.48025975291
2726 7.48012972991
2727 7.47999970691
2728 7.47986968391
2729 7.47973966091
2730 7.47960963791
2731 7.47947961491
2732 7.47934959191
2733 7.47921956891
2734 7.47908954591
2735 7.47895952291
2736 7.47882949991
2737 7.478755086827
2738 7.478692063727
2739 7.478629040627
2740 7.478566017527
2741 7.478502994427
2742 7.478439971327
2743 7.478376948227
2744 7.478313925127
2745 7.478250902027
2746 7.478187878927
2747 7.478124855827
2748 7.478061832727
2749 7.477998809627
2750 7.477935786527
2751 7.477872763427
2752 7.477809740327
2753 7.477746717227
2754 7.477683694127
2755 7.477620671027
2756 7.477557647927
2757 7.477494624827
2758 7.477431601727
2759 7.477368578627
2760 7.477305555527
2761 7.477242532427
2762 7.477179509327
2763 7.477116486227
2764 7.477053463127
2765 7.476990440027
2766 7.476927416927
2767 7.47691811256133
2768 7.476919810828
2769 7.47692150909467
2770 7.47692320736133
2771 7.476924905628
2772 7.47692660389467
2773 7.47692830216133
2774 7.476930000428
2775 7.47693169869467
2776 7.47693339696133
2777 7.476935095228
2778 7.47693679349467
2779 7.47693849176133
2780 7.476940190028
2781 7.47694188829467
2782 7.47694358656133
2783 7.476945284828
2784 7.47694698309467
2785 7.47694868136133
2786 7.476950379628
2787 7.47695207789467
2788 7.47695377616133
2789 7.476955474428
2790 7.47695717269467
2791 7.47695887096133
2792 7.476960569228
2793 7.47696226749467
2794 7.47696396576133
2795 7.476965664028
2796 7.47696736229467
2797 7.47476649003167
2798 7.472114488865
2799 7.46946248769833
2800 7.46681048653167
2801 7.464158485365
2802 7.46150648419833
2803 7.45885448303167
2804 7.456202481865
2805 7.45355048069833
2806 7.45089847953167
2807 7.448246478365
2808 7.44559447719833
2809 7.44294247603167
2810 7.440290474865
2811 7.43763847369833
2812 7.43498647253167
2813 7.432334471365
2814 7.42968247019833
2815 7.42703046903167
2816 7.424378467865
2817 7.42172646669833
2818 7.41907446553167
2819 7.416422464365
2820 7.41377046319833
2821 7.41111846203167
2822 7.408466460865
2823 7.40581445969833
2824 7.40316245853167
2825 7.400510457365
2826 7.39785845619833
2827 7.39728582766533
2828 7.397139094732
2829 7.39699236179867
2830 7.39684562886533
2831 7.396698895932
2832 7.39655216299867
2833 7.39640543006533
2834 7.396258697132
2835 7.39611196419867
2836 7.39596523126533
2837 7.395818498332
2838 7.39567176539867
2839 7.39552503246533
2840 7.395378299532
2841 7.39523156659867
2842 7.39508483366533
2843 7.394938100732
2844 7.39479136779867
2845 7.39464463486533
2846 7.394497901932
2847 7.39435116899867
2848 7.39420443606533
2849 7.394057703132
2850 7.39391097019867
2851 7.39376423726533
2852 7.393617504332
2853 7.39347077139867
2854 7.39332403846533
2855 7.393177305532
2856 7.39303057259867
2857 7.393086100401
2858 7.393183055101
2859 7.393280009801
2860 7.393376964501
2861 7.393473919201
2862 7.393570873901
2863 7.393667828601
2864 7.393764783301
2865 7.393861738001
2866 7.393958692701
2867 7.394055647401
2868 7.394152602101
2869 7.394249556801
2870 7.394346511501
2871 7.394443466201
2872 7.394540420901
2873 7.394637375601
2874 7.394734330301
2875 7.394831285001
2876 7.394928239701
2877 7.395025194401
2878 7.395122149101
2879 7.395219103801
2880 7.395316058501
2881 7.395413013201
2882 7.395509967901
2883 7.395606922601
2884 7.395703877301
2885 7.395800832001
2886 7.395897786701
2887 7.39591135658533
2888 7.395907847652
2889 7.39590433871867
2890 7.39590082978533
2891 7.395897320852
2892 7.39589381191867
2893 7.39589030298533
2894 7.395886794052
2895 7.39588328511867
2896 7.39587977618533
2897 7.395876267252
2898 7.39587275831867
2899 7.39586924938533
2900 7.395865740452
2901 7.39586223151867
2902 7.39585872258533
2903 7.395855213652
2904 7.39585170471867
2905 7.39584819578533
2906 7.395844686852
2907 7.39584117791867
2908 7.39583766898533
2909 7.395834160052
2910 7.39583065111867
2911 7.39582714218533
2912 7.395823633252
2913 7.39582012431867
2914 7.39581661538533
2915 7.395813106452
2916 7.39580959751867
2917 7.39578491578333
2918 7.39575589745
2919 7.39572687911667
2920 7.39569786078333
2921 7.39566884245
2922 7.39563982411667
2923 7.39561080578333
2924 7.39558178745
2925 7.39555276911667
2926 7.39552375078333
2927 7.39549473245
2928 7.39546571411667
2929 7.39543669578333
2930 7.39540767745
2931 7.39537865911667
2932 7.39534964078333
2933 7.39532062245
2934 7.39529160411667
2935 7.39526258578333
2936 7.39523356745
2937 7.39520454911667
2938 7.39517553078333
2939 7.39514651245
2940 7.39511749411667
2941 7.39508847578333
2942 7.39505945745
2943 7.39503043911667
2944 7.39500142078333
2945 7.39497240245
2946 7.39494338411667
2947 7.39456048358033
2948 7.394105101147
2949 7.39364971871367
2950 7.39319433628033
2951 7.392738953847
2952 7.39228357141367
2953 7.39182818898033
2954 7.391372806547
2955 7.39091742411367
2956 7.39046204168033
2957 7.390006659247
2958 7.38955127681367
2959 7.38909589438033
2960 7.388640511947
2961 7.38818512951367
2962 7.38772974708033
2963 7.387274364647
2964 7.38681898221367
2965 7.38636359978033
2966 7.385908217347
2967 7.38545283491367
2968 7.38499745248033
2969 7.384542070047
2970 7.38408668761367
2971 7.38363130518033
2972 7.383175922747
2973 7.38272054031367
2974 7.38226515788033
2975 7.381809775447
2976 7.38135439301367
2977 7.38129771615867
2978 7.381322701892
2979 7.38134768762533
2980 7.38137267335867
2981 7.381397659092
2982 7.38142264482533
2983 7.38144763055867
2984 7.381472616292
2985 7.38149760202533
2986 7.38152258775867
2987 7.381547573492
2988 7.38157255922533
2989 7.38159754495867
2990 7.381622530692
2991 7.38164751642533
2992 7.38167250215867
2993 7.381697487892
2994 7.38172247362533
2995 7.38174745935867
2996 7.381772445092
2997 7.38179743082533
2998 7.38182241655867
2999 7.381847402292
3000 7.38187238802533
3001 7.38189737375867
3002 7.381922359492
3003 7.38194734522533
3004 7.38197233095867
3005 7.381997316692
3006 7.38202230242533
3007 7.381759894655
3008 7.381438623155
3009 7.381117351655
3010 7.380796080155
3011 7.380474808655
3012 7.380153537155
3013 7.379832265655
3014 7.379510994155
3015 7.379189722655
3016 7.378868451155
3017 7.378547179655
3018 7.378225908155
3019 7.377904636655
3020 7.377583365155
3021 7.377262093655
3022 7.376940822155
3023 7.376619550655
3024 7.376298279155
3025 7.375977007655
3026 7.375655736155
3027 7.375334464655
3028 7.375013193155
3029 7.374691921655
3030 7.374370650155
3031 7.374049378655
3032 7.373728107155
3033 7.373406835655
3034 7.373085564155
3035 7.372764292655
3036 7.372443021155
3037 7.371915575663
3038 7.371345901763
3039 7.370776227863
3040 7.370206553963
3041 7.369636880063
3042 7.369067206163
3043 7.368497532263
3044 7.367927858363
3045 7.367358184463
3046 7.366788510563
3047 7.366218836663
3048 7.365649162763
3049 7.365079488863
3050 7.364509814963
3051 7.363940141063
3052 7.363370467163
3053 7.362800793263
3054 7.362231119363
3055 7.361661445463
3056 7.361091771563
3057 7.360522097663
3058 7.359952423763
3059 7.359382749863
3060 7.358813075963
3061 7.358243402063
3062 7.357673728163
3063 7.357104054263
3064 7.356534380363
3065 7.355964706463
3066 7.355395032563
3067 7.35544596582033
3068 7.355624011387
3069 7.35580205695367
3070 7.35598010252033
3071 7.356158148087
3072 7.35633619365367
3073 7.35651423922033
3074 7.356692284787
3075 7.35687033035367
3076 7.35704837592033
3077 7.357226421487
3078 7.35740446705367
3079 7.35758251262033
3080 7.357760558187
3081 7.35793860375367
3082 7.35811664932033
3083 7.358294694887
3084 7.35847274045367
3085 7.35865078602033
3086 7.358828831587
3087 7.35900687715367
3088 7.35918492272033
3089 7.359362968287
3090 7.35954101385367
3091 7.35971905942033
3092 7.359897104987
3093 7.36007515055367
3094 7.36025319612033
3095 7.360431241687
3096 7.36060928725367
3097 7.36034452123567
3098 7.359989058869
3099 7.35963359650233
3100 7.35927813413567
3101 7.358922671769
3102 7.35856720940233
3103 7.35821174703567
3104 7.357856284669
3105 7.35750082230233
3106 7.35714535993567
3107 7.356789897569
3108 7.35643443520233
3109 7.35607897283567
3110 7.355723510469
3111 7.35536804810233
3112 7.35501258573567
3113 7.354657123369
3114 7.35430166100233
3115 7.35394619863567
3116 7.353590736269
3117 7.35323527390233
3118 7.35287981153567
3119 7.352524349169
3120 7.35216888680233
3121 7.35181342443567
3122 7.351457962069
3123 7.35110249970233
3124 7.35074703733567
3125 7.350391574969
3126 7.35003611260233
3127 7.34976878153673
3128 7.3495195014605
3129 7.34927022138427
3130 7.34902094130804
3131 7.34877166123181
3132 7.34852238115558
3133 7.34827310107935
3134 7.34802382100312
3135 7.34777454092689
3136 7.34752526085066
3137 7.34727598077443
3138 7.3470267006982
3139 7.34677742062197
3140 7.34652814054574
3141 7.34627886046951
3142 7.34602958039328
3143 7.34578030031705
3144 7.34553102024082
3145 7.34528174016459
3146 7.34503246008836
3147 7.34478318001213
3148 7.3445338999359
3149 7.34428461985967
3150 7.34403533978344
3151 7.34378605970721
3152 7.34353677963098
3153 7.34328749955475
3154 7.34303821947852
3155 7.34278893940229
3156 7.30998641429499
3157 7.27617708779499
3158 7.275162808
3159 7.275162808
3160 7.275948248832
3161 7.279518434432
3162 7.27648366538
3163 7.27324461938
3164 7.25258799050999
3165 7.23139267350999
3166 7.17091298458498
3167 7.10921831508498
3168 7.05697099938499
3169 7.00501586988499
3170 6.96639118799999
3171 6.92817878799999
3172 6.90128281442999
3173 6.87473683342999
3174 6.84300722044499
3175 6.81111728894499
3176 6.78751289131999
3177 6.76416474731999
3178 6.74235288301499
3179 6.72058853251499
3180 6.705262603575
3181 6.690135801075
3182 6.677041670435
3183 6.664010405935
3184 6.645064400565
3185 6.625935465065
3186 6.59787514980499
3187 6.56953860630499
3188 6.569085091105
3189 6.569493937605
3190 6.55581321643
3191 6.54169673543
3192 6.531772418375
3193 6.521977755875
3194 6.49722215093499
3195 6.47200383643499
3196 6.46077082043
3197 6.44997033943
3198 6.46100517826
3199 6.47271533626
3200 6.462068841625
3201 6.450730904125
3202 6.444692678025
3203 6.438818360525
3204 6.43685643472
3205 6.43501551072
3206 6.40830020499499
3207 6.38081558849499
3208 6.39994306196501
3209 6.42051214646501
3210 6.40481006122
3211 6.38798618722
3212 6.37719710711
3213 6.36659467011
3214 6.353376855575
3215 6.340078153075
3216 6.31622830758499
3217 6.29205213808499
3218 6.300285446595
3219 6.309521110095
3220 6.2974173990025
3221 6.2846537072525
3222 6.2718900155025
3223 6.2591263237525
3224 6.27570436643
3225 6.29318988543
3226 6.25152363606499
3227 6.20802795056499
3228 6.22738380840001
3229 6.24868352840001
3230 6.30001590243001
3231 6.35227712143001
3232 6.25613719604497
3233 6.15540754454497
3234 6.19409044416001
3235 6.23708507216001
3236 6.25109792376
3237 6.26421443176
3238 6.22202760177499
3239 6.17813035927499
3240 6.1834476794
3241 6.1902870994
3242 6.21426403514001
3243 6.23877099714001
3244 6.23564600758
3245 6.23166642158
3246 6.24398830444
3247 6.25681435644
3248 6.22515576830249
3249 6.19212136655249
3250 6.15908696480249
3251 6.12605256305249
3252 6.19296191027002
3253 6.26296230127002
3254 6.23926601223499
3255 6.21267188773499
3256 6.18478202753499
3257 6.15685209303499
3258 6.10106493562999
3259 6.04441621462998
3260 6.10419477342502
3261 6.16757417592502
3262 6.20155416367501
3263 6.23462489117501
3264 6.20181844357999
3265 6.16697455757999
3266 6.163342758795
3267 6.160676282295
3268 6.158009805795
3269 6.155343329295
3270 6.13626297063499
3271 6.11667496613499
3272 6.1193146549525
3273 6.1226417982025
3274 6.1259689414525
3275 6.1292960847025
3276 6.15899117543063
3277 6.189501769689
3278 6.15140800283999
3279 6.10395909584
3280 6.05651018884
3281 6.00906128183999
3282 6.02747014014667
3283 6.05485960281334
3284 6.08224906548
3285 6.10963852814667
3286 6.13702799081334
3287 6.16441745348
3288 6.1674373114
3289 6.1671340414
3290 6.1668307714
3291 6.1665275014
3292 6.15146022588
3293 6.13437967688
3294 6.139133990875
3295 6.1468657861875
3296 6.1545975815
3297 6.1758129062
3298 6.17823125712
3299 6.17722113112
3300 6.18612397852
3301 6.19637859502
3302 6.19146684536
3303 6.18448695486
3304 6.191514148
3305 6.200451398
3306 6.18539189764
3307 6.16706011314
3308 6.15278623458
3309 6.13906570683
3310 6.12534517908
3311 6.11162465133
3312 6.16269877856001
3313 6.22260854056001
3314 6.27446129800001
3315 6.32521537300001
3316 6.31578629816
3317 6.29815043016
3318 6.35904171504001
3319 6.43064124804001
3320 6.4594652566
3321 6.4824562391
3322 6.50554965448
3323 6.52865703798
3324 6.55953835468
3325 6.59147975318
3326 6.6191459436
3327 6.6462291511
3328 6.6630985352
3329 6.6785751252
3330 6.69989509428
3331 6.72201188778
3332 6.7370816316
3333 6.7511904141
3334 6.7674535224
3335 6.7840104024
3336 6.79453408072
3337 6.80423504972
3338 6.81624197996
3339 6.82856335946
3340 6.84390404404
3341 6.85965645204
3342 6.87307976536
3343 6.88618547486
3344 6.89588373328
3345 6.90511733928
3346 6.91693394812
3347 6.92910278462
3348 6.9376485234
3349 6.9457002034
3350 6.95306205272
3351 6.96032983422
3352 6.97010039204
3353 6.98021223754
3354 6.98209193472
3355 6.98284906622
3356 6.99481809644
3357 7.00831602194
3358 7.02041604676
3359 7.03232544876
3360 7.04249080252
3361 7.05241833152
3362 7.06373704856
3363 7.07524547306
3364 7.08248665612
3365 7.08914594262
3366 7.09229525232
3367 7.09496592882
3368 7.10197719784
3369 7.10958036584
3370 7.11056405768
3371 7.11064509368
3372 7.11420200296
3373 7.11823289496
3374 7.11832743036
3375 7.11788518986
3376 7.11751056636
3377 7.11714516336
3378 7.11586372084
3379 7.11445736384
3380 7.1166053088
3381 7.1192379313
3382 7.12316716516
3383 7.12727320966
3384 7.13062609648
3385 7.13387627998
3386 7.13740093328
3387 7.14096301428
3388 7.140570051
3389 7.1396377635
3390 7.1420754756
3391 7.1449727331
3392 7.14689294684
3393 7.14867992734
3394 7.14970509052
3395 7.15062636952
3396 7.15634914896
3397 7.16272667846
3398 7.16421252908
3399 7.16503133258
3400 7.16777060584
3401 7.17077176134
3402 7.17043314084
3403 7.16963909634
3404 7.17119935016
3405 7.17308064466
3406 7.1719675636
3407 7.1704461586
3408 7.17223860744
3409 7.17448294544
3410 7.17333794804
3411 7.17173076854
3412 7.17033396536
3413 7.16896584986
3414 7.1701049164
3415 7.1715858714
3416 7.1730743812
3417 7.1745639212
3418 7.17691230864
3419 7.17937781164
3420 7.17902734148
3421 7.17829287498
3422 7.18301121892
3423 7.18847312792
3424 7.19039680332
3425 7.19183799232
3426 7.19297141056
3427 7.19406286006
3428 7.19506486504
3429 7.19605467304
3430 7.19812072808
3431 7.20033354408
3432 7.2014707352
3433 7.2024612502
3434 7.20287295928
3435 7.20320574028
3436 7.20547919628
3437 7.20801728978
3438 7.21163430068
3439 7.21539843668
3440 7.21224889756
3441 7.20815658456
3442 7.2077897058
3443 7.2079308408
3444 7.20924122828
3445 7.21071105928
3446 7.20546221656
3447 7.19929719106
3448 7.2012894646
3449 7.2043940971
3450 7.20827336368
3451 7.21225826218
3452 7.2185902254
3453 7.2252422429
3454 7.2261476206
3455 7.2262693656
3456 7.22666959936
3457 7.22710780886
3458 7.227173891
3459 7.2271892285
3460 7.22632741588
3461 7.22534599188
3462 7.22774966124
3463 7.23061493424
3464 7.22930696652
3465 7.22742992052
3466 7.23059680264
3467 7.23445149314
3468 7.23059079024
3469 7.22567798824
3470 7.22424035596
3471 7.22327661046
3472 7.21911202996
3473 7.21451097196
3474 7.21179572844
3475 7.20933764144
3476 7.20558522228
3477 7.20165630328
3478 7.20548206616
3479 7.21036528566
3480 7.21170703932
3481 7.21256586582
3482 7.21711267112
3483 7.22216238262
3484 7.22643341116
3485 7.23059825566
3486 7.2338257026
3487 7.2369253226
3488 7.24013296128
3489 7.24335532978
3490 7.24240560684
3491 7.24088696234
3492 7.24252846868
3493 7.24460090468
3494 7.24625389308
3495 7.24784968408
3496 7.24601099084
3497 7.24370395884
3498 7.24579530324
3499 7.24848642624
3500 7.2450018518
3501 7.2406751368
3502 7.2404388862
3503 7.2407604262
3504 7.24190350384
3505 7.24315860934
3506 7.24140882152
3507 7.23924927552
3508 7.23978370784
3509 7.24068550084
3510 7.241353638
3511 7.241989913
3512 7.2431554684
3513 7.2443931984
3514 7.2418290094
3515 7.2387463769
3516 7.23723703788
3517 7.23594223888
3518 7.23320764548
3519 7.23027671648
3520 7.22573556348
3521 7.22097483448
3522 7.22125158144
3523 7.22221525694
3524 7.22247928448
3525 7.22264790548
3526 7.22083977192
3527 7.21876208092
3528 7.21810879004
3529 7.21764973554
3530 7.22194178608
3531 7.22688171458
3532 7.23189592784
3533 7.23692027084
3534 7.23671502992
3535 7.23579666392
3536 7.23911659528
3537 7.24301447628
3538 7.24679114432
3539 7.25055128332
3540 7.25031823664
3541 7.24954066464
3542 7.24690865852
3543 7.24402377502
3544 7.23938398804
3545 7.23450489604
3546 7.23358652476
3547 7.23320825176
3548 7.2312746276
3549 7.2291289101
3550 7.2279642298
3551 7.2269333273
3552 7.22572377248
3553 7.22448985598
3554 7.22975918656
3555 7.23591532356
3556 7.23401367236
3557 7.23101323186
3558 7.23177977568
3559 7.23305999918
3560 7.23182881488
3561 7.23025516588
3562 7.22929586028
3563 7.22842032878
3564 7.22914452464
3565 7.23008686514
3566 7.2290030866
3567 7.2276430191
3568 7.22572576948
3569 7.22373254048
3570 7.22126374408
3571 7.21873009758
3572 7.2162133198
3573 7.2136988423
3574 7.21407534696
3575 7.21484607646
3576 7.216291443
3577 7.2178288055
3578 7.22077471404
3579 7.22391269704
3580 7.22339903952
3581 7.22238743102
3582 7.22505598032
3583 7.22822636932
3584 7.22916379044
3585 7.22979671594
3586 7.2356715062
3587 7.2422610962
3588 7.24403619564
3589 7.24515477364
3590 7.24703116892
3591 7.24901090292
3592 7.24965942044
3593 7.25012640844
3594 7.25286724912
3595 7.25591816062
3596 7.26009070032
3597 7.26441618932
3598 7.26402088708
3599 7.26298184058
3600 7.26230565064
3601 7.26167894114
3602 7.2623064776
3603 7.2631050476
3604 7.26402092468
3605 7.26495279818
3606 7.26452116976
3607 7.26390360926
3608 7.26410156368
3609 7.26441072468
3610 7.2640207226
3611 7.2635353801
3612 7.26172392644
3613 7.25973163944
3614 7.25483281144
3615 7.24953763694
3616 7.24912486744
3617 7.24937788044
3618 7.24337986888
3619 7.23652944488
3620 7.23492065508
3621 7.23402663358
3622 7.22940499368
3623 7.22427504218
3624 7.2240390734
3625 7.2244704659
3626 7.22361468944
3627 7.22258338994
3628 7.2214815668
3629 7.2203701268
3630 7.21643744156
3631 7.21212004106
3632 7.20703495452
3633 7.20184518352
3634 7.19755249684
3635 7.19338213984
