-11 7.347851081
-10 7.353881738
-9 7.360763953
-8 7.369358715
-7 7.388026966
-6 7.424020303
-5 7.483879698
-4 7.562003554
-3 7.631165472
-2 7.734816741
-1 7.81750066
0 7.8862725055
1 7.955044351
2 7.941218135
3 7.931572097
4 7.921926059
5 8.031306699
6 8.0155037045
7 7.99970071
8 8.083318165
9 8.057963806
10 8.014239832
11 7.977222603
12 7.977514028
13 7.9875428848
14 7.9975717416
15 8.0076005984
16 8.0176294552
17 8.027658312
18 8.024238395
19 8.057618079
20 8.0304830705
21 8.003348062
22 7.96879537379775
23 7.94087244445333
24 7.93645502378667
25 7.93203760312
26 7.922908634
27 7.9138692196
28 7.94388634112
29 7.9202602294
30 7.94846543138
31 7.92250151974
32 7.90209252536
33 7.89809770358
34 7.90181671648
35 7.86427239898
36 7.86517524548
37 7.85197727566
38 7.86018309746
39 7.84157851688
40 7.82414139188
41 7.85091937364
42 7.81677063814
43 7.79133927476
44 7.79482264422
45 7.801197456
46 7.79867425524
47 7.78759114074
48 7.76890609608
49 7.76855732192
50 7.75574197416
51 7.75572194142
52 7.76270047666
53 7.75789463198
54 7.73684525128
55 7.72706526284
56 7.7256928709
57 7.73212169546
58 7.7321761442
59 7.72325380166
60 7.71120907576
61 7.70204135144
62 7.6989583828
63 7.6980438335
64 7.69788247898
65 7.6898532611
66 7.68557334046
67 7.68494704064
68 7.67859576088
69 7.67024484758
70 7.6651828367
71 7.65889293486
72 7.65728496898
73 7.6531401952
74 7.64243982044
75 7.64373061442
76 7.64113490296
77 7.64462521044
78 7.63943209798
79 7.63925036278
80 7.64017049822
81 7.63950226216
82 7.64373852968
83 7.63796361174
84 7.63502065346
85 7.62984388216
86 7.62338204842
87 7.6246912499
88 7.62843662448
89 7.61982719612
90 7.6181205732
91 7.6186273141
92 7.6079812442
93 7.61183769796
94 7.61452724146
95 7.61121071756
96 7.60600757178
97 7.60519423798
98 7.601504224
99 7.60118572152
100 7.59771368786
101 7.5958461697
102 7.59370782388
103 7.59643815058
104 7.59774641174
105 7.59933363614
106 7.60045711028
107 7.59647389084
108 7.5943805118
109 7.59183564354
110 7.59343997934
111 7.58991632984
112 7.59126739378
113 7.59290636674
114 7.59327518804
115 7.59423187004
116 7.58779989002
117 7.58642179482
118 7.58639332582
119 7.58636485682
120 7.58633638782
121 7.58630791882
122 7.58627944982
123 7.58625098082
124 7.58622251182
125 7.58619404282
126 7.58616557382
127 7.58613710482
128 7.58610863582
129 7.58608016682
130 7.58605169782
131 7.58602322882
132 7.58588073695867
133 7.58533398222533
134 7.584787227492
135 7.58424047275867
136 7.58369371802533
137 7.583146963292
138 7.58260020855867
139 7.58205345382533
140 7.581506699092
141 7.58095994435867
142 7.58041318962533
143 7.579866434892
144 7.57931968015867
145 7.57877292542533
146 7.578226170692
147 7.577709643592
148 7.577300287192
149 7.576890930792
150 7.576481574392
151 7.576072217992
152 7.575662861592
153 7.575253505192
154 7.574844148792
155 7.574434792392
156 7.574025435992
157 7.573616079592
158 7.573206723192
159 7.572797366792
160 7.572388010392
161 7.571978653992
162 7.571547368212
163 7.571038332812
164 7.570529297412
165 7.570020262012
166 7.569511226612
167 7.569002191212
168 7.568493155812
169 7.567984120412
170 7.567475085012
171 7.566966049612
172 7.566457014212
173 7.565947978812
174 7.565438943412
175 7.564929908012
176 7.564420872612
177 7.563856780716
178 7.563097488516
179 7.562338196316
180 7.561578904116
181 7.560819611916
182 7.560060319716
183 7.559301027516
184 7.558541735316
185 7.557782443116
186 7.557023150916
187 7.556263858716
188 7.555504566516
189 7.554745274316
190 7.553985982116
191 7.553226689916
192 7.55266795140267
193 7.55282026686933
194 7.552972582336
195 7.55312489780267
196 7.55327721326933
197 7.553429528736
198 7.55358184420267
199 7.55373415966933
200 7.553886475136
201 7.55403879060267
202 7.55419110606933
203 7.554343421536
204 7.55449573700267
205 7.55464805246933
206 7.554800367936
207 7.55477054163333
208 7.55409493996667
209 7.5534193383
210 7.55274373663333
211 7.55206813496667
212 7.5513925333
213 7.55071693163333
214 7.55004132996667
215 7.5493657283
216 7.54869012663333
217 7.54801452496667
218 7.5473389233
219 7.54666332163333
220 7.54598771996667
221 7.5453121183
222 7.54472236446133
223 7.54443698019467
224 7.544151595928
225 7.54386621166133
226 7.54358082739467
227 7.543295443128
228 7.54301005886133
229 7.54272467459467
230 7.542439290328
231 7.54215390606133
232 7.54186852179467
233 7.541583137528
234 7.54129775326133
235 7.54101236899467
236 7.540726984728
237 7.54036969190667
238 7.53975745057333
239 7.53914520924
240 7.53853296790667
241 7.53792072657333
242 7.53730848524
243 7.53669624390667
244 7.53608400257333
245 7.53547176124
246 7.53485951990667
247 7.53424727857333
248 7.53363503724
249 7.53302279590667
250 7.53241055457333
251 7.53179831324
252 7.53121197016
253 7.53071744816
254 7.53022292616
255 7.52972840416
256 7.52923388216
257 7.52873936016
258 7.52824483816
259 7.52775031616
260 7.52725579416
261 7.52676127216
262 7.52626675016
263 7.52577222816
264 7.52527770616
265 7.52478318416
266 7.52428866216
267 7.52379550166667
268 7.52330716833333
269 7.522818835
270 7.52233050166667
271 7.52184216833333
272 7.521353835
273 7.52086550166667
274 7.52037716833333
275 7.519888835
276 7.51940050166667
277 7.51891216833333
278 7.518423835
279 7.51793550166667
280 7.51744716833333
281 7.516958835
282 7.5165411958085
283 7.5163741994835
284 7.5162072031585
285 7.5160402068335
286 7.5158732105085
287 7.5157062141835
288 7.5155392178585
289 7.5153722215335
290 7.5152052252085
291 7.5150382288835
292 7.5148712325585
293 7.5147042362335
294 7.5145372399085
295 7.5143702435835
296 7.5142032472585
297 7.5140362509335
298 7.5138692546085
299 7.5137022582835
300 7.5135352619585
301 7.5133682656335
302 7.5132012693085
303 7.5130342729835
304 7.5128672766585
305 7.5127002803335
306 7.5125332840085
307 7.5123662876835
308 7.5121992913585
309 7.5120322950335
310 7.5118652987085
311 7.5116983023835
312 7.5115313060585
313 7.5113643097335
314 7.5111973134085
315 7.5110303170835
316 7.5108633207585
317 7.5106963244335
318 7.5105293281085
319 7.5103623317835
320 7.5101953354585
321 7.5100283391335
322 7.5098613428085
323 7.5096943464835
324 7.5095273501585
325 7.5093603538335
326 7.5091933575085
327 7.5090263611835
328 7.5088593648585
329 7.5086923685335
330 7.5085253722085
331 7.5083583758835
332 7.5081913795585
333 7.5080243832335
334 7.5078573869085
335 7.5076903905835
336 7.5075233942585
337 7.5073563979335
338 7.5071894016085
339 7.5070224052835
340 7.5068554089585
341 7.5066884126335
342 7.5065214163085
343 7.5063544199835
344 7.5061874236585
345 7.5060204273335
346 7.5058534310085
347 7.5056864346835
348 7.5055194383585
349 7.5053524420335
350 7.5051854457085
351 7.5050184493835
352 7.5048514530585
353 7.5046844567335
354 7.5045174604085
355 7.5043504640835
356 7.5041834677585
357 7.5040164714335
358 7.5038494751085
359 7.5036824787835
360 7.5035154824585
361 7.5033484861335
362 7.5031814898085
363 7.5030144934835
364 7.5028474971585
365 7.5026805008335
366 7.5025135045085
367 7.5023465081835
368 7.5021795118585
369 7.5020125155335
370 7.5018455192085
371 7.5016785228835
372 7.5015115265585
373 7.5013445302335
374 7.5011775339085
375 7.5010105375835
376 7.5008435412585
377 7.5006765449335
378 7.5005095486085
379 7.5003425522835
380 7.5001755559585
381 7.5000085596335
382 7.4998415633085
383 7.4996745669835
384 7.4995075706585
385 7.4993405743335
386 7.4991735780085
387 7.4990065816835
388 7.4988395853585
389 7.4986725890335
390 7.4985055927085
391 7.4983385963835
392 7.4981716000585
393 7.4980046037335
394 7.4978376074085
395 7.4976706110835
396 7.4975036147585
397 7.4973366184335
398 7.4971696221085
399 7.4970026257835
400 7.4968356294585
401 7.4966686331335
402 7.4965097283205
403 7.4963795115955
404 7.4962492948705
405 7.4961190781455
406 7.4959888614205
407 7.4958586446955
408 7.4957284279705
409 7.4955982112455
410 7.4954679945205
411 7.4953377777955
412 7.4952075610705
413 7.4950773443455
414 7.4949471276205
415 7.4948169108955
416 7.4946866941705
417 7.4945564774455
418 7.4944262607205
419 7.4942960439955
420 7.4941658272705
421 7.4940356105455
422 7.4939053938205
423 7.4937751770955
424 7.4936449603705
425 7.4935147436455
426 7.4933845269205
427 7.4932543101955
428 7.4931240934705
429 7.4929938767455
430 7.4928636600205
431 7.4927334432955
432 7.4926032265705
433 7.4924730098455
434 7.4923427931205
435 7.4922125763955
436 7.4920823596705
437 7.4919521429455
438 7.4918219262205
439 7.4916917094955
440 7.4915614927705
441 7.4914312760455
442 7.4913010593205
443 7.4911708425955
444 7.4910406258705
445 7.4909104091455
446 7.4907801924205
447 7.4906499756955
448 7.4905197589705
449 7.4903895422455
450 7.4902593255205
451 7.4901291087955
452 7.4899988920705
453 7.4898686753455
454 7.4897384586205
455 7.4896082418955
456 7.4894780251705
457 7.4893478084455
458 7.4892175917205
459 7.4890873749955
460 7.4889571582705
461 7.4888269415455
462 7.4886967248205
463 7.4885665080955
464 7.4884362913705
465 7.4883060746455
466 7.4881758579205
467 7.4880456411955
468 7.4879154244705
469 7.4877852077455
470 7.4876549910205
471 7.4875247742955
472 7.4873945575705
473 7.4872643408455
474 7.4871341241205
475 7.4870039073955
476 7.4868736906705
477 7.4867434739455
478 7.4866132572205
479 7.4864830404955
480 7.4863528237705
481 7.4862226070455
482 7.4860923903205
483 7.4859621735955
484 7.4858319568705
485 7.4857017401455
486 7.4855715234205
487 7.4854413066955
488 7.4853110899705
489 7.4851808732455
490 7.4850506565205
491 7.4849204397955
492 7.4847902230705
493 7.4846600063455
494 7.4845297896205
495 7.4843995728955
496 7.4842693561705
497 7.4841391394455
498 7.4840089227205
499 7.4838787059955
500 7.4837484892705
501 7.4836182725455
502 7.4834880558205
503 7.4833578390955
504 7.4832276223705
505 7.4830974056455
506 7.4829671889205
507 7.4828369721955
508 7.4827067554705
509 7.4825765387455
510 7.4824463220205
511 7.4823161052955
512 7.4821858885705
513 7.4820556718455
514 7.4819254551205
515 7.4817952383955
516 7.4816650216705
517 7.4815348049455
518 7.4814045882205
519 7.4812743714955
520 7.4811441547705
521 7.4810139380455
522 7.48089192685483
523 7.48079900801317
524 7.4807060891715
525 7.48061317032983
526 7.48052025148817
527 7.4804273326465
528 7.48033441380483
529 7.48024149496317
530 7.4801485761215
531 7.48005565727983
532 7.47996273843817
533 7.4798698195965
534 7.47977690075483
535 7.47968398191317
536 7.4795910630715
537 7.47949814422983
538 7.47940522538817
539 7.4793123065465
540 7.47921938770483
541 7.47912646886317
542 7.4790335500215
543 7.47894063117983
544 7.47884771233817
545 7.4787547934965
546 7.47866187465483
547 7.47856895581317
548 7.4784760369715
549 7.47838311812983
550 7.47829019928817
551 7.4781972804465
552 7.47810436160483
553 7.47801144276317
554 7.4779185239215
555 7.47782560507983
556 7.47773268623817
557 7.4776397673965
558 7.47754684855483
559 7.47745392971317
560 7.4773610108715
561 7.47726809202983
562 7.47717517318817
563 7.4770822543465
564 7.47698933550483
565 7.47689641666317
566 7.4768034978215
567 7.47671057897983
568 7.47661766013817
569 7.4765247412965
570 7.47643182245483
571 7.47633890361317
572 7.4762459847715
573 7.47615306592983
574 7.47606014708817
575 7.4759672282465
576 7.47587430940483
577 7.47578139056317
578 7.4756884717215
579 7.47559555287983
580 7.47550263403817
581 7.4754097151965
582 7.47531679635483
583 7.47522387751317
584 7.4751309586715
585 7.47503803982983
586 7.47494512098817
587 7.4748522021465
588 7.47475928330483
589 7.47466636446317
590 7.4745734456215
591 7.47448052677983
592 7.47438760793817
593 7.4742946890965
594 7.47420177025483
595 7.47410885141317
596 7.4740159325715
597 7.47392301372983
598 7.47383009488817
599 7.4737371760465
600 7.47364425720483
601 7.47355133836317
602 7.4734584195215
603 7.47336550067983
604 7.47327258183817
605 7.4731796629965
606 7.47308674415483
607 7.47299382531317
608 7.4729009064715
609 7.47280798762983
610 7.47271506878817
611 7.4726221499465
612 7.47252923110483
613 7.47243631226317
614 7.4723433934215
615 7.47225047457983
616 7.47215755573817
617 7.4720646368965
618 7.47197171805483
619 7.47187879921317
620 7.4717858803715
621 7.47169296152983
622 7.47160004268817
623 7.4715071238465
624 7.47141420500483
625 7.47132128616317
626 7.4712283673215
627 7.47113544847983
628 7.47104252963817
629 7.4709496107965
630 7.47085669195483
631 7.47076377311317
632 7.4706708542715
633 7.47057793542983
634 7.47048501658817
635 7.4703920977465
636 7.47029917890483
637 7.47020626006317
638 7.4701133412215
639 7.47002042237983
640 7.46992750353817
641 7.4698345846965
642 7.46974843431617
643 7.46968628120783
644 7.4696241280995
645 7.46956197499117
646 7.46949982188283
647 7.4694376687745
648 7.46937551566617
649 7.46931336255783
650 7.4692512094495
651 7.46918905634117
652 7.46912690323283
653 7.4690647501245
654 7.46900259701617
655 7.46894044390783
656 7.4688782907995
657 7.46881613769117
658 7.46875398458283
659 7.4686918314745
660 7.46862967836617
661 7.46856752525783
662 7.4685053721495
663 7.46844321904117
664 7.46838106593283
665 7.4683189128245
666 7.46825675971617
667 7.46819460660783
668 7.4681324534995
669 7.46807030039117
670 7.46800814728283
671 7.4679459941745
672 7.46788384106617
673 7.46782168795783
674 7.4677595348495
675 7.46769738174117
676 7.46763522863283
677 7.4675730755245
678 7.46751092241617
679 7.46744876930783
680 7.4673866161995
681 7.46732446309117
682 7.46726230998283
683 7.4672001568745
684 7.46713800376617
685 7.46707585065783
686 7.4670136975495
687 7.46695154444117
688 7.46688939133283
689 7.4668272382245
690 7.46676508511617
691 7.46670293200783
692 7.4666407788995
693 7.46657862579117
694 7.46651647268283
695 7.4664543195745
696 7.46639216646617
697 7.46633001335783
698 7.4662678602495
699 7.46620570714117
700 7.46614355403283
701 7.4660814009245
702 7.46601924781617
703 7.46595709470783
704 7.4658949415995
705 7.46583278849117
706 7.46577063538283
707 7.4657084822745
708 7.46564632916617
709 7.46558417605783
710 7.4655220229495
711 7.46545986984117
712 7.46539771673283
713 7.4653355636245
714 7.46527341051617
715 7.46521125740783
716 7.4651491042995
717 7.46508695119117
718 7.46502479808283
719 7.4649626449745
720 7.46490049186617
721 7.46483833875783
722 7.4647761856495
723 7.46471403254117
724 7.46465187943283
725 7.4645897263245
726 7.46452757321617
727 7.46446542010783
728 7.4644032669995
729 7.46434111389117
730 7.46427896078283
731 7.4642168076745
732 7.46415465456617
733 7.46409250145783
734 7.4640303483495
735 7.46396819524117
736 7.46390604213283
737 7.4638438890245
738 7.46378173591617
739 7.46371958280783
740 7.4636574296995
741 7.46359527659117
742 7.46353312348283
743 7.4634709703745
744 7.46340881726617
745 7.46334666415783
746 7.4632845110495
747 7.46322235794117
748 7.46316020483283
749 7.4630980517245
750 7.46303589861617
751 7.46297374550783
752 7.4629115923995
753 7.46284943929117
754 7.46278728618283
755 7.4627251330745
756 7.46266297996617
757 7.46260082685783
758 7.4625386737495
759 7.46247652064117
760 7.46241436753283
761 7.4623522144245
762 7.46228867127917
763 7.46222019982083
764 7.4621517283625
765 7.46208325690417
766 7.46201478544583
767 7.4619463139875
768 7.46187784252917
769 7.46180937107083
770 7.4617408996125
771 7.46167242815417
772 7.46160395669583
773 7.4615354852375
774 7.46146701377917
775 7.46139854232083
776 7.4613300708625
777 7.46126159940417
778 7.46119312794583
779 7.4611246564875
780 7.46105618502917
781 7.46098771357083
782 7.4609192421125
783 7.46085077065417
784 7.46078229919583
785 7.4607138277375
786 7.46064535627917
787 7.46057688482083
788 7.4605084133625
789 7.46043994190417
790 7.46037147044583
791 7.4603029989875
792 7.46023452752917
793 7.46016605607083
794 7.4600975846125
795 7.46002911315417
796 7.45996064169583
797 7.4598921702375
798 7.45982369877917
799 7.45975522732083
800 7.4596867558625
801 7.45961828440417
802 7.45954981294583
803 7.4594813414875
804 7.45941287002917
805 7.45934439857083
806 7.4592759271125
807 7.45920745565417
808 7.45913898419583
809 7.4590705127375
810 7.45900204127917
811 7.45893356982083
812 7.4588650983625
813 7.45879662690417
814 7.45872815544583
815 7.4586596839875
816 7.45859121252917
817 7.45852274107083
818 7.4584542696125
819 7.45838579815417
820 7.45831732669583
821 7.4582488552375
822 7.45818038377917
823 7.45811191232083
824 7.4580434408625
825 7.45797496940417
826 7.45790649794583
827 7.4578380264875
828 7.45776955502917
829 7.45770108357083
830 7.4576326121125
831 7.45756414065417
832 7.45749566919583
833 7.4574271977375
834 7.45735872627917
835 7.45729025482083
836 7.4572217833625
837 7.45715331190417
838 7.45708484044583
839 7.4570163689875
840 7.45694789752917
841 7.45687942607083
842 7.4568109546125
843 7.45674248315417
844 7.45667401169583
845 7.4566055402375
846 7.45653706877917
847 7.45646859732083
848 7.4564001258625
849 7.45633165440417
850 7.45626318294583
851 7.4561947114875
852 7.45612624002917
853 7.45605776857083
854 7.4559892971125
855 7.45592082565417
856 7.45585235419583
857 7.4557838827375
858 7.45571541127917
859 7.45564693982083
860 7.4555784683625
861 7.45550999690417
862 7.45544152544583
863 7.4553730539875
864 7.45530458252917
865 7.45523611107083
866 7.4551676396125
867 7.45509916815417
868 7.45503069669583
869 7.4549622252375
870 7.45489375377917
871 7.45482528232083
872 7.4547568108625
873 7.45468833940417
874 7.45461986794583
875 7.4545513964875
876 7.45448292502917
877 7.45441445357083
878 7.4543459821125
879 7.45427751065417
880 7.45420903919583
881 7.4541405677375
882 7.454073786035
883 7.454012995285
884 7.453952204535
885 7.453891413785
886 7.453830623035
887 7.453769832285
888 7.453709041535
889 7.453648250785
890 7.453587460035
891 7.453526669285
892 7.453465878535
893 7.453405087785
894 7.453344297035
895 7.453283506285
896 7.453222715535
897 7.453161924785
898 7.453101134035
899 7.453040343285
900 7.452979552535
901 7.452918761785
902 7.452857971035
903 7.452797180285
904 7.452736389535
905 7.452675598785
906 7.452614808035
907 7.452554017285
908 7.452493226535
909 7.452432435785
910 7.452371645035
911 7.452310854285
912 7.452250063535
913 7.452189272785
914 7.452128482035
915 7.452067691285
916 7.452006900535
917 7.451946109785
918 7.451885319035
919 7.451824528285
920 7.451763737535
921 7.451702946785
922 7.451642156035
923 7.451581365285
924 7.451520574535
925 7.451459783785
926 7.451398993035
927 7.451338202285
928 7.451277411535
929 7.451216620785
930 7.451155830035
931 7.451095039285
932 7.451034248535
933 7.450973457785
934 7.450912667035
935 7.450851876285
936 7.450791085535
937 7.450730294785
938 7.450669504035
939 7.450608713285
940 7.450547922535
941 7.450487131785
942 7.450426341035
943 7.450365550285
944 7.450304759535
945 7.450243968785
946 7.450183178035
947 7.450122387285
948 7.450061596535
949 7.450000805785
950 7.449940015035
951 7.449879224285
952 7.449818433535
953 7.449757642785
954 7.449696852035
955 7.449636061285
956 7.449575270535
957 7.449514479785
958 7.449453689035
959 7.449392898285
960 7.449332107535
961 7.449271316785
962 7.449210526035
963 7.449149735285
964 7.449088944535
965 7.449028153785
966 7.448967363035
967 7.448906572285
968 7.448845781535
969 7.448784990785
970 7.448724200035
971 7.448663409285
972 7.448602618535
973 7.448541827785
974 7.448481037035
975 7.448420246285
976 7.448359455535
977 7.448298664785
978 7.448237874035
979 7.448177083285
980 7.448116292535
981 7.448055501785
982 7.447994711035
983 7.447933920285
984 7.447873129535
985 7.447812338785
986 7.447751548035
987 7.447690757285
988 7.447629966535
989 7.447569175785
990 7.447508385035
991 7.447447594285
992 7.447386803535
993 7.447326012785
994 7.447265222035
995 7.447204431285
996 7.447143640535
997 7.447082849785
998 7.447022059035
999 7.446961268285
1000 7.446900477535
1001 7.446839686785
1002 7.44678039649367
1003 7.44672642601033
1004 7.446672455527
1005 7.44661848504367
1006 7.44656451456033
1007 7.446510544077
1008 7.44645657359367
1009 7.44640260311033
1010 7.446348632627
1011 7.44629466214367
1012 7.44624069166033
1013 7.446186721177
1014 7.44613275069367
1015 7.44607878021033
1016 7.446024809727
1017 7.44597083924367
1018 7.44591686876033
1019 7.445862898277
1020 7.44580892779367
1021 7.44575495731033
1022 7.445700986827
1023 7.44564701634367
1024 7.44559304586033
1025 7.445539075377
1026 7.44548510489367
1027 7.44543113441033
1028 7.445377163927
1029 7.44532319344367
1030 7.44526922296033
1031 7.445215252477
1032 7.44516128199367
1033 7.44510731151033
1034 7.445053341027
1035 7.44499937054367
1036 7.44494540006033
1037 7.444891429577
1038 7.44483745909367
1039 7.44478348861033
1040 7.444729518127
1041 7.44467554764367
1042 7.44462157716033
1043 7.444567606677
1044 7.44451363619367
1045 7.44445966571033
1046 7.444405695227
1047 7.44435172474367
1048 7.44429775426033
1049 7.444243783777
1050 7.44418981329367
1051 7.44413584281033
1052 7.444081872327
1053 7.44402790184367
1054 7.44397393136033
1055 7.443919960877
1056 7.44386599039367
1057 7.44381201991033
1058 7.443758049427
1059 7.44370407894367
1060 7.44365010846033
1061 7.443596137977
1062 7.44354216749367
1063 7.44348819701033
1064 7.443434226527
1065 7.44338025604367
1066 7.44332628556033
1067 7.443272315077
1068 7.44321834459367
1069 7.44316437411033
1070 7.443110403627
1071 7.44305643314367
1072 7.44300246266033
1073 7.442948492177
1074 7.44289452169367
1075 7.44284055121033
1076 7.442786580727
1077 7.44273261024367
1078 7.44267863976033
1079 7.442624669277
1080 7.44257069879367
1081 7.44251672831033
1082 7.442462757827
1083 7.44240878734367
1084 7.44235481686033
1085 7.442300846377
1086 7.44224687589367
1087 7.44219290541033
1088 7.442138934927
1089 7.44208496444367
1090 7.44203099396033
1091 7.441977023477
1092 7.44192305299367
1093 7.44186908251033
1094 7.441815112027
1095 7.44176114154367
1096 7.44170717106033
1097 7.441653200577
1098 7.44159923009367
1099 7.44154525961033
1100 7.441491289127
1101 7.44143731864367
1102 7.44138334816033
1103 7.441329377677
1104 7.44127540719367
1105 7.44122143671033
1106 7.441167466227
1107 7.44111349574367
1108 7.44105952526033
1109 7.441005554777
1110 7.44095158429367
1111 7.44089761381033
1112 7.440843643327
1113 7.44078967284367
1114 7.44073570236033
1115 7.440681731877
1116 7.44062776139367
1117 7.44057379091033
1118 7.440519820427
1119 7.44046584994367
1120 7.44041187946033
1121 7.440357908977
1122 7.440307745931
1123 7.440271081981
1124 7.440234418031
1125 7.440197754081
1126 7.440161090131
1127 7.440124426181
1128 7.440087762231
1129 7.440051098281
1130 7.440014434331
1131 7.439977770381
1132 7.439941106431
1133 7.439904442481
1134 7.439867778531
1135 7.439831114581
1136 7.439794450631
1137 7.439757786681
1138 7.439721122731
1139 7.439684458781
1140 7.439647794831
1141 7.439611130881
1142 7.439574466931
1143 7.439537802981
1144 7.439501139031
1145 7.439464475081
1146 7.439427811131
1147 7.439391147181
1148 7.439354483231
1149 7.439317819281
1150 7.439281155331
1151 7.439244491381
1152 7.439207827431
1153 7.439171163481
1154 7.439134499531
1155 7.439097835581
1156 7.439061171631
1157 7.439024507681
1158 7.438987843731
1159 7.438951179781
1160 7.438914515831
1161 7.438877851881
1162 7.438841187931
1163 7.438804523981
1164 7.438767860031
1165 7.438731196081
1166 7.438694532131
1167 7.438657868181
1168 7.438621204231
1169 7.438584540281
1170 7.438547876331
1171 7.438511212381
1172 7.438474548431
1173 7.438437884481
1174 7.438401220531
1175 7.438364556581
1176 7.438327892631
1177 7.438291228681
1178 7.438254564731
1179 7.438217900781
1180 7.438181236831
1181 7.438144572881
1182 7.438107908931
1183 7.438071244981
1184 7.438034581031
1185 7.437997917081
1186 7.437961253131
1187 7.437924589181
1188 7.437887925231
1189 7.437851261281
1190 7.437814597331
1191 7.437777933381
1192 7.437741269431
1193 7.437704605481
1194 7.437667941531
1195 7.437631277581
1196 7.437594613631
1197 7.437557949681
1198 7.437521285731
1199 7.437484621781
1200 7.437447957831
1201 7.437411293881
1202 7.437374629931
1203 7.437337965981
1204 7.437301302031
1205 7.437264638081
1206 7.437227974131
1207 7.437191310181
1208 7.437154646231
1209 7.437117982281
1210 7.437081318331
1211 7.437044654381
1212 7.437007990431
1213 7.436971326481
1214 7.436934662531
1215 7.436897998581
1216 7.436861334631
1217 7.436824670681
1218 7.436788006731
1219 7.436751342781
1220 7.436714678831
1221 7.436678014881
1222 7.436641350931
1223 7.436604686981
1224 7.436568023031
1225 7.436531359081
1226 7.436494695131
1227 7.436458031181
1228 7.436421367231
1229 7.436384703281
1230 7.436348039331
1231 7.436311375381
1232 7.436274711431
1233 7.436238047481
1234 7.436201383531
1235 7.436164719581
1236 7.436128055631
1237 7.436091391681
1238 7.436054727731
1239 7.436018063781
1240 7.435981399831
1241 7.435944735881
1242 7.43590820860417
1243 7.43587216589583
1244 7.4358361231875
1245 7.43580008047917
1246 7.43576403777083
1247 7.4357279950625
1248 7.43569195235417
1249 7.43565590964583
1250 7.4356198669375
1251 7.43558382422917
1252 7.43554778152083
1253 7.4355117388125
1254 7.43547569610417
1255 7.43543965339583
1256 7.4354036106875
1257 7.43536756797917
1258 7.43533152527083
1259 7.4352954825625
1260 7.43525943985417
1261 7.43522339714583
1262 7.4351873544375
1263 7.43515131172917
1264 7.43511526902083
1265 7.4350792263125
1266 7.43504318360417
1267 7.43500714089583
1268 7.4349710981875
1269 7.43493505547917
1270 7.43489901277083
1271 7.4348629700625
1272 7.43482692735417
1273 7.43479088464583
1274 7.4347548419375
1275 7.43471879922917
1276 7.43468275652083
1277 7.4346467138125
1278 7.43461067110417
1279 7.43457462839583
1280 7.4345385856875
1281 7.43450254297917
1282 7.43446650027083
1283 7.4344304575625
1284 7.43439441485417
1285 7.43435837214583
1286 7.4343223294375
1287 7.43428628672917
1288 7.43425024402083
1289 7.4342142013125
1290 7.43417815860417
1291 7.43414211589583
1292 7.4341060731875
1293 7.43407003047917
1294 7.43403398777083
1295 7.4339979450625
1296 7.43396190235417
1297 7.43392585964583
1298 7.4338898169375
1299 7.43385377422917
1300 7.43381773152083
1301 7.4337816888125
1302 7.43374564610417
1303 7.43370960339583
1304 7.4336735606875
1305 7.43363751797917
1306 7.43360147527083
1307 7.4335654325625
1308 7.43352938985417
1309 7.43349334714583
1310 7.4334573044375
1311 7.43342126172917
1312 7.43338521902083
1313 7.4333491763125
1314 7.43331313360417
1315 7.43327709089583
1316 7.4332410481875
1317 7.43320500547917
1318 7.43316896277083
1319 7.4331329200625
1320 7.43309687735417
1321 7.43306083464583
1322 7.4330247919375
1323 7.43298874922917
1324 7.43295270652083
1325 7.4329166638125
1326 7.43288062110417
1327 7.43284457839583
1328 7.4328085356875
1329 7.43277249297917
1330 7.43273645027083
1331 7.4327004075625
1332 7.43266436485417
1333 7.43262832214583
1334 7.4325922794375
1335 7.43255623672917
1336 7.43252019402083
1337 7.4324841513125
1338 7.43244810860417
1339 7.43241206589583
1340 7.4323760231875
1341 7.43233998047917
1342 7.43230393777083
1343 7.4322678950625
1344 7.43223185235417
1345 7.43219580964583
1346 7.4321597669375
1347 7.43212372422917
1348 7.43208768152083
1349 7.4320516388125
1350 7.43201559610417
1351 7.43197955339583
1352 7.4319435106875
1353 7.43190746797917
1354 7.43187142527083
1355 7.4318353825625
1356 7.43179933985417
1357 7.43176329714583
1358 7.4317272544375
1359 7.43169121172917
1360 7.43165516902083
1361 7.4316191263125
1362 7.43158809131567
1363 7.43157481093233
1364 7.431561530549
1365 7.43154825016567
1366 7.43153496978233
1367 7.431521689399
1368 7.43150840901567
1369 7.43149512863233
1370 7.431481848249
1371 7.43146856786567
1372 7.43145528748233
1373 7.431442007099
1374 7.43142872671567
1375 7.43141544633233
1376 7.431402165949
1377 7.43138888556567
1378 7.43137560518233
1379 7.431362324799
1380 7.43134904441567
1381 7.43133576403233
1382 7.431322483649
1383 7.43130920326567
1384 7.43129592288233
1385 7.431282642499
1386 7.43126936211567
1387 7.43125608173233
1388 7.431242801349
1389 7.43122952096567
1390 7.43121624058233
1391 7.431202960199
1392 7.43118967981567
1393 7.43117639943233
1394 7.431163119049
1395 7.43114983866567
1396 7.43113655828233
1397 7.431123277899
1398 7.43110999751567
1399 7.43109671713233
1400 7.431083436749
1401 7.43107015636567
1402 7.43105687598233
1403 7.431043595599
1404 7.43103031521567
1405 7.43101703483233
1406 7.431003754449
1407 7.43099047406567
1408 7.43097719368233
1409 7.430963913299
1410 7.43095063291567
1411 7.43093735253233
1412 7.430924072149
1413 7.43091079176567
1414 7.43089751138233
1415 7.430884230999
1416 7.43087095061567
1417 7.43085767023233
1418 7.430844389849
1419 7.43083110946567
1420 7.43081782908233
1421 7.430804548699
1422 7.43079126831567
1423 7.43077798793233
1424 7.430764707549
1425 7.43075142716567
1426 7.43073814678233
1427 7.430724866399
1428 7.43071158601567
1429 7.43069830563233
1430 7.430685025249
1431 7.43067174486567
1432 7.43065846448233
1433 7.430645184099
1434 7.43063190371567
1435 7.43061862333233
1436 7.430605342949
1437 7.43059206256567
1438 7.43057878218233
1439 7.430565501799
1440 7.43055222141567
1441 7.43053894103233
1442 7.430525660649
1443 7.43051238026567
1444 7.43049909988233
1445 7.430485819499
1446 7.43047253911567
1447 7.43045925873233
1448 7.430445978349
1449 7.43043269796567
1450 7.43041941758233
1451 7.430406137199
1452 7.43039285681567
1453 7.43037957643233
1454 7.430366296049
1455 7.43035301566567
1456 7.43033973528233
1457 7.430326454899
1458 7.43031317451567
1459 7.43029989413233
1460 7.430286613749
1461 7.43027333336567
1462 7.43026005298233
1463 7.430246772599
1464 7.43023349221567
1465 7.43022021183233
1466 7.430206931449
1467 7.43019365106567
1468 7.43018037068233
1469 7.430167090299
1470 7.43015380991567
1471 7.43014052953233
1472 7.430127249149
1473 7.43011396876567
1474 7.43010068838233
1475 7.430087407999
1476 7.43007412761567
1477 7.43006084723233
1478 7.430047566849
1479 7.43003428646567
1480 7.43002100608233
1481 7.430007725699
1482 7.4299912518195
1483 7.4299634555445
1484 7.4299356592695
1485 7.4299078629945
1486 7.4298800667195
1487 7.4298522704445
1488 7.4298244741695
1489 7.4297966778945
1490 7.4297688816195
1491 7.4297410853445
1492 7.4297132890695
1493 7.4296854927945
1494 7.4296576965195
1495 7.4296299002445
1496 7.4296021039695
1497 7.4295743076945
1498 7.4295465114195
1499 7.4295187151445
1500 7.4294909188695
1501 7.4294631225945
1502 7.4294353263195
1503 7.4294075300445
1504 7.4293797337695
1505 7.4293519374945
1506 7.4293241412195
1507 7.4292963449445
1508 7.4292685486695
1509 7.4292407523945
1510 7.4292129561195
1511 7.4291851598445
1512 7.4291573635695
1513 7.4291295672945
1514 7.4291017710195
1515 7.4290739747445
1516 7.4290461784695
1517 7.4290183821945
1518 7.4289905859195
1519 7.4289627896445
1520 7.4289349933695
1521 7.4289071970945
1522 7.4288794008195
1523 7.4288516045445
1524 7.4288238082695
1525 7.4287960119945
1526 7.4287682157195
1527 7.4287404194445
1528 7.4287126231695
1529 7.4286848268945
1530 7.4286570306195
1531 7.4286292343445
1532 7.4286014380695
1533 7.4285736417945
1534 7.4285458455195
1535 7.4285180492445
1536 7.4284902529695
1537 7.4284624566945
1538 7.4284346604195
1539 7.4284068641445
1540 7.4283790678695
1541 7.4283512715945
1542 7.4283234753195
1543 7.4282956790445
1544 7.4282678827695
1545 7.4282400864945
1546 7.4282122902195
1547 7.4281844939445
1548 7.4281566976695
1549 7.4281289013945
1550 7.4281011051195
1551 7.4280733088445
1552 7.4280455125695
1553 7.4280177162945
1554 7.4279899200195
1555 7.4279621237445
1556 7.4279343274695
1557 7.4279065311945
1558 7.4278787349195
1559 7.4278509386445
1560 7.4278231423695
1561 7.4277953460945
1562 7.4277675498195
1563 7.4277397535445
1564 7.4277119572695
1565 7.4276841609945
1566 7.4276563647195
1567 7.4276285684445
1568 7.4276007721695
1569 7.4275729758945
1570 7.4275451796195
1571 7.4275173833445
1572 7.4274895870695
1573 7.4274617907945
1574 7.4274339945195
1575 7.4274061982445
1576 7.4273784019695
1577 7.4273506056945
1578 7.4273228094195
1579 7.4272950131445
1580 7.4272672168695
1581 7.4272394205945
1582 7.4272116243195
1583 7.4271838280445
1584 7.4271560317695
1585 7.4271282354945
1586 7.4271004392195
1587 7.4270726429445
1588 7.4270448466695
1589 7.4270170503945
1590 7.4269892541195
1591 7.4269614578445
1592 7.4269336615695
1593 7.4269058652945
1594 7.4268780690195
1595 7.4268502727445
1596 7.4268224764695
1597 7.4267946801945
1598 7.4267668839195
1599 7.4267390876445
1600 7.4267112913695
1601 7.4266834950945
1602 7.42665752697183
1603 7.42663804048017
1604 7.4266185539885
1605 7.42659906749683
1606 7.42657958100517
1607 7.4265600945135
1608 7.42654060802183
1609 7.42652112153017
1610 7.4265016350385
1611 7.42648214854683
1612 7.42646266205517
1613 7.4264431755635
1614 7.42642368907183
1615 7.42640420258017
1616 7.4263847160885
1617 7.42636522959683
1618 7.42634574310517
1619 7.4263262566135
1620 7.42630677012183
1621 7.42628728363017
1622 7.4262677971385
1623 7.42624831064683
1624 7.42622882415517
1625 7.4262093376635
1626 7.42618985117183
1627 7.42617036468017
1628 7.4261508781885
1629 7.42613139169683
1630 7.42611190520517
1631 7.4260924187135
1632 7.42607293222183
1633 7.42605344573017
1634 7.4260339592385
1635 7.42601447274683
1636 7.42599498625517
1637 7.4259754997635
1638 7.42595601327183
1639 7.42593652678017
1640 7.4259170402885
1641 7.42589755379683
1642 7.42587806730517
1643 7.4258585808135
1644 7.42583909432183
1645 7.42581960783017
1646 7.4258001213385
1647 7.42578063484683
1648 7.42576114835517
1649 7.4257416618635
1650 7.42572217537183
1651 7.42570268888017
1652 7.4256832023885
1653 7.42566371589683
1654 7.42564422940517
1655 7.4256247429135
1656 7.42560525642183
1657 7.42558576993017
1658 7.4255662834385
1659 7.42554679694683
1660 7.42552731045517
1661 7.4255078239635
1662 7.42548833747183
1663 7.42546885098017
1664 7.4254493644885
1665 7.42542987799683
1666 7.42541039150517
1667 7.4253909050135
1668 7.42537141852183
1669 7.42535193203017
1670 7.4253324455385
1671 7.42531295904683
1672 7.42529347255517
1673 7.4252739860635
1674 7.42525449957183
1675 7.42523501308017
1676 7.4252155265885
1677 7.42519604009683
1678 7.42517655360517
1679 7.4251570671135
1680 7.42513758062183
1681 7.42511809413017
1682 7.4250986076385
1683 7.42507912114683
1684 7.42505963465517
1685 7.4250401481635
1686 7.42502066167183
1687 7.42500117518017
1688 7.4249816886885
1689 7.42496220219683
1690 7.42494271570517
1691 7.4249232292135
1692 7.42490374272183
1693 7.42488425623017
1694 7.4248647697385
1695 7.42484528324683
1696 7.42482579675517
1697 7.4248063102635
1698 7.42478682377183
1699 7.42476733728017
1700 7.4247478507885
1701 7.42472836429683
1702 7.42470887780517
1703 7.4246893913135
1704 7.42466990482183
1705 7.42465041833017
1706 7.4246309318385
1707 7.42461144534683
1708 7.42459195885517
1709 7.4245724723635
1710 7.42455298587183
1711 7.42453349938017
1712 7.4245140128885
1713 7.42449452639683
1714 7.42447503990517
1715 7.4244555534135
1716 7.42443606692183
1717 7.42441658043017
1718 7.4243970939385
1719 7.42437760744683
1720 7.42435812095517
1721 7.4243386344635
1722 7.424306854282
1723 7.424231487382
1724 7.424156120482
1725 7.424080753582
1726 7.424005386682
1727 7.423930019782
1728 7.423854652882
1729 7.423779285982
1730 7.423703919082
1731 7.423628552182
1732 7.423553185282
1733 7.423477818382
1734 7.423402451482
1735 7.423327084582
1736 7.423251717682
1737 7.423176350782
1738 7.423100983882
1739 7.423025616982
1740 7.422950250082
1741 7.422874883182
1742 7.422799516282
1743 7.422724149382
1744 7.422648782482
1745 7.422573415582
1746 7.422498048682
1747 7.422422681782
1748 7.422347314882
1749 7.422271947982
1750 7.422196581082
1751 7.422121214182
1752 7.422045847282
1753 7.421970480382
1754 7.421895113482
1755 7.421819746582
1756 7.421744379682
1757 7.421669012782
1758 7.421593645882
1759 7.421518278982
1760 7.421442912082
1761 7.421367545182
1762 7.421292178282
1763 7.421216811382
1764 7.421141444482
1765 7.421066077582
1766 7.420990710682
1767 7.420915343782
1768 7.420839976882
1769 7.420764609982
1770 7.420689243082
1771 7.420613876182
1772 7.420538509282
1773 7.420463142382
1774 7.420387775482
1775 7.420312408582
1776 7.420237041682
1777 7.420161674782
1778 7.420086307882
1779 7.420010940982
1780 7.419935574082
1781 7.419860207182
1782 7.419784840282
1783 7.419709473382
1784 7.419634106482
1785 7.419558739582
1786 7.419483372682
1787 7.419408005782
1788 7.419332638882
1789 7.419257271982
1790 7.419181905082
1791 7.419106538182
1792 7.419031171282
1793 7.418955804382
1794 7.418880437482
1795 7.418805070582
1796 7.418729703682
1797 7.418654336782
1798 7.418578969882
1799 7.418503602982
1800 7.418428236082
1801 7.418352869182
1802 7.418277502282
1803 7.418202135382
1804 7.418126768482
1805 7.418051401582
1806 7.417976034682
1807 7.417900667782
1808 7.417825300882
1809 7.417749933982
1810 7.417674567082
1811 7.417599200182
1812 7.417523833282
1813 7.417448466382
1814 7.417373099482
1815 7.417297732582
1816 7.417222365682
1817 7.417146998782
1818 7.417071631882
1819 7.416996264982
1820 7.416920898082
1821 7.416845531182
1822 7.416770164282
1823 7.416694797382
1824 7.416619430482
1825 7.416544063582
1826 7.416468696682
1827 7.416393329782
1828 7.416317962882
1829 7.416242595982
1830 7.416167229082
1831 7.416091862182
1832 7.416016495282
1833 7.415941128382
1834 7.415865761482
1835 7.415790394582
1836 7.415715027682
1837 7.415639660782
1838 7.415564293882
1839 7.415488926982
1840 7.415413560082
1841 7.415338193182
1842 7.41527090629717
1843 7.41523226673883
1844 7.4151936271805
1845 7.41515498762217
1846 7.41511634806383
1847 7.4150777085055
1848 7.41503906894717
1849 7.41500042938883
1850 7.4149617898305
1851 7.41492315027217
1852 7.41488451071383
1853 7.4148458711555
1854 7.41480723159717
1855 7.41476859203883
1856 7.4147299524805
1857 7.41469131292217
1858 7.41465267336383
1859 7.4146140338055
1860 7.41457539424717
1861 7.41453675468883
1862 7.4144981151305
1863 7.41445947557217
1864 7.41442083601383
1865 7.4143821964555
1866 7.41434355689717
1867 7.41430491733883
1868 7.4142662777805
1869 7.41422763822217
1870 7.41418899866383
1871 7.4141503591055
1872 7.41411171954717
1873 7.41407307998883
1874 7.4140344404305
1875 7.41399580087217
1876 7.41395716131383
1877 7.4139185217555
1878 7.41387988219717
1879 7.41384124263883
1880 7.4138026030805
1881 7.41376396352217
1882 7.41372532396383
1883 7.4136866844055
1884 7.41364804484717
1885 7.41360940528883
1886 7.4135707657305
1887 7.41353212617217
1888 7.41349348661383
1889 7.4134548470555
1890 7.41341620749717
1891 7.41337756793883
1892 7.4133389283805
1893 7.41330028882217
1894 7.41326164926383
1895 7.4132230097055
1896 7.41318437014717
1897 7.41314573058883
1898 7.4131070910305
1899 7.41306845147217
1900 7.41302981191383
1901 7.4129911723555
1902 7.41295253279717
1903 7.41291389323883
1904 7.4128752536805
1905 7.41283661412217
1906 7.41279797456383
1907 7.4127593350055
1908 7.41272069544717
1909 7.41268205588883
1910 7.4126434163305
1911 7.41260477677217
1912 7.41256613721383
1913 7.4125274976555
1914 7.41248885809717
1915 7.41245021853883
1916 7.4124115789805
1917 7.41237293942217
1918 7.41233429986383
1919 7.4122956603055
1920 7.41225702074717
1921 7.41221838118883
1922 7.4121797416305
1923 7.41214110207217
1924 7.41210246251383
1925 7.4120638229555
1926 7.41202518339717
1927 7.41198654383883
1928 7.4119479042805
1929 7.41190926472217
1930 7.41187062516383
1931 7.4118319856055
1932 7.41179334604717
1933 7.41175470648883
1934 7.4117160669305
1935 7.41167742737217
1936 7.41163878781383
1937 7.4116001482555
1938 7.41156150869717
1939 7.41152286913883
1940 7.4114842295805
1941 7.41144559002217
1942 7.41140695046383
1943 7.4113683109055
1944 7.41132967134717
1945 7.41129103178883
1946 7.4112523922305
1947 7.41121375267217
1948 7.41117511311383
1949 7.4111364735555
1950 7.41109783399717
1951 7.41105919443883
1952 7.4110205548805
1953 7.41098191532217
1954 7.41094327576383
1955 7.4109046362055
1956 7.41086599664717
1957 7.41082735708883
1958 7.4107887175305
1959 7.41075007797217
1960 7.41071143841383
1961 7.4106727988555
1962 7.41061765570567
1963 7.41050399982233
1964 7.410390343939
1965 7.41027668805567
1966 7.41016303217233
1967 7.410049376289
1968 7.40993572040567
1969 7.40982206452233
1970 7.409708408639
1971 7.40959475275567
1972 7.40948109687233
1973 7.409367440989
1974 7.40925378510567
1975 7.40914012922233
1976 7.409026473339
1977 7.40891281745567
1978 7.40879916157233
1979 7.408685505689
1980 7.40857184980567
1981 7.40845819392233
1982 7.408344538039
1983 7.40823088215567
1984 7.40811722627233
1985 7.408003570389
1986 7.40788991450567
1987 7.40777625862233
1988 7.407662602739
1989 7.40754894685567
1990 7.40743529097233
1991 7.407321635089
1992 7.40720797920567
1993 7.40709432332233
1994 7.406980667439
1995 7.40686701155567
1996 7.40675335567233
1997 7.406639699789
1998 7.40652604390567
1999 7.40641238802233
2000 7.406298732139
2001 7.40618507625567
2002 7.40607142037233
2003 7.405957764489
2004 7.40584410860567
2005 7.40573045272233
2006 7.405616796839
2007 7.40550314095567
2008 7.40538948507233
2009 7.405275829189
2010 7.40516217330567
2011 7.40504851742233
2012 7.404934861539
2013 7.40482120565567
2014 7.40470754977233
2015 7.404593893889
2016 7.40448023800567
2017 7.40436658212233
2018 7.404252926239
2019 7.40413927035567
2020 7.40402561447233
2021 7.403911958589
2022 7.40379830270567
2023 7.40368464682233
2024 7.403570990939
2025 7.40345733505567
2026 7.40334367917233
2027 7.403230023289
2028 7.40311636740567
2029 7.40300271152233
2030 7.402889055639
2031 7.40277539975567
2032 7.40266174387233
2033 7.402548087989
2034 7.40243443210567
2035 7.40232077622233
2036 7.402207120339
2037 7.40209346445567
2038 7.40197980857233
2039 7.401866152689
2040 7.40175249680567
2041 7.40163884092233
2042 7.401525185039
2043 7.40141152915567
2044 7.40129787327233
2045 7.401184217389
2046 7.40107056150567
2047 7.40095690562233
2048 7.400843249739
2049 7.40072959385567
2050 7.40061593797233
2051 7.400502282089
2052 7.40038862620567
2053 7.40027497032233
2054 7.400161314439
2055 7.40004765855567
2056 7.39993400267233
2057 7.399820346789
2058 7.39970669090567
2059 7.39959303502233
2060 7.399479379139
2061 7.39936572325567
2062 7.39925206737233
2063 7.399138411489
2064 7.39902475560567
2065 7.39891109972233
2066 7.398797443839
2067 7.39868378795567
2068 7.39857013207233
2069 7.398456476189
2070 7.39834282030567
2071 7.39822916442233
2072 7.398115508539
2073 7.39800185265567
2074 7.39788819677233
2075 7.397774540889
2076 7.39766088500567
2077 7.39754722912233
2078 7.397433573239
2079 7.39731991735567
2080 7.39720626147233
2081 7.397092605589
2082 7.39694826020983
2083 7.39669510661817
2084 7.3964419530265
2085 7.39618879943483
2086 7.39593564584317
2087 7.3956824922515
2088 7.39542933865983
2089 7.39517618506817
2090 7.3949230314765
2091 7.39466987788483
2092 7.39441672429317
2093 7.3941635707015
2094 7.39391041710983
2095 7.39365726351817
2096 7.3934041099265
2097 7.39315095633483
2098 7.39289780274317
2099 7.3926446491515
2100 7.39239149555983
2101 7.39213834196817
2102 7.3918851883765
2103 7.39163203478483
2104 7.39137888119317
2105 7.3911257276015
2106 7.39087257400983
2107 7.39061942041817
2108 7.3903662668265
2109 7.39011311323483
2110 7.38985995964317
2111 7.3896068060515
2112 7.38935365245983
2113 7.38910049886817
2114 7.3888473452765
2115 7.38859419168483
2116 7.38834103809317
2117 7.3880878845015
2118 7.38783473090983
2119 7.38758157731817
2120 7.3873284237265
2121 7.38707527013483
2122 7.38682211654317
2123 7.3865689629515
2124 7.38631580935983
2125 7.38606265576817
2126 7.3858095021765
2127 7.38555634858483
2128 7.38530319499317
2129 7.3850500414015
2130 7.38479688780983
2131 7.38454373421817
2132 7.3842905806265
2133 7.38403742703483
2134 7.38378427344317
2135 7.3835311198515
2136 7.38327796625983
2137 7.38302481266817
2138 7.3827716590765
2139 7.38251850548483
2140 7.38226535189317
2141 7.3820121983015
2142 7.38175904470983
2143 7.38150589111817
2144 7.3812527375265
2145 7.38099958393483
2146 7.38074643034317
2147 7.3804932767515
2148 7.38024012315983
2149 7.37998696956817
2150 7.3797338159765
2151 7.37948066238483
2152 7.37922750879317
2153 7.3789743552015
2154 7.37872120160983
2155 7.37846804801817
2156 7.3782148944265
2157 7.37796174083483
2158 7.37770858724317
2159 7.3774554336515
2160 7.37720228005983
2161 7.37694912646817
2162 7.3766959728765
2163 7.37644281928483
2164 7.37618966569317
2165 7.3759365121015
2166 7.37568335850983
2167 7.37543020491817
2168 7.3751770513265
2169 7.37492389773483
2170 7.37467074414317
2171 7.3744175905515
2172 7.37416443695983
2173 7.37391128336817
2174 7.3736581297765
2175 7.37340497618483
2176 7.37315182259317
2177 7.3728986690015
2178 7.37264551540983
2179 7.37239236181817
2180 7.3721392082265
2181 7.37188605463483
2182 7.37163290104317
2183 7.3713797474515
2184 7.37112659385983
2185 7.37087344026817
2186 7.3706202866765
2187 7.37036713308483
2188 7.37011397949317
2189 7.3698608259015
2190 7.36960767230983
2191 7.36935451871817
2192 7.3691013651265
2193 7.36884821153483
2194 7.36859505794317
2195 7.3683419043515
2196 7.36808875075983
2197 7.36783559716817
2198 7.3675824435765
2199 7.36732928998483
2200 7.36707613639317
2201 7.3668229828015
2202 7.36656052164417
2203 7.36626506093583
2204 7.3659696002275
2205 7.36567413951917
2206 7.36537867881083
2207 7.3650832181025
2208 7.36478775739417
2209 7.36449229668583
2210 7.3641968359775
2211 7.36390137526917
2212 7.36360591456083
2213 7.3633104538525
2214 7.36301499314417
2215 7.36271953243583
2216 7.3624240717275
2217 7.36212861101917
2218 7.36183315031083
2219 7.3615376896025
2220 7.36124222889417
2221 7.36094676818583
2222 7.3606513074775
2223 7.36035584676917
2224 7.36006038606083
2225 7.3597649253525
2226 7.35946946464417
2227 7.35917400393583
2228 7.3588785432275
2229 7.35858308251917
2230 7.35828762181083
2231 7.3579921611025
2232 7.35769670039417
2233 7.35740123968583
2234 7.3571057789775
2235 7.35681031826917
2236 7.35651485756083
2237 7.3562193968525
2238 7.35592393614417
2239 7.35562847543583
2240 7.3553330147275
2241 7.35503755401917
2242 7.35474209331083
2243 7.3544466326025
2244 7.35415117189417
2245 7.35385571118583
2246 7.3535602504775
2247 7.35326478976917
2248 7.35296932906083
2249 7.3526738683525
2250 7.35237840764417
2251 7.35208294693583
2252 7.3517874862275
2253 7.35149202551917
2254 7.35119656481083
2255 7.3509011041025
2256 7.35060564339417
2257 7.35031018268583
2258 7.3500147219775
2259 7.34971926126917
2260 7.34942380056083
2261 7.3491283398525
2262 7.34883287914417
2263 7.34853741843583
2264 7.3482419577275
2265 7.34794649701917
2266 7.34765103631083
2267 7.3473555756025
2268 7.34706011489417
2269 7.34676465418583
2270 7.3464691934775
2271 7.34617373276917
2272 7.34587827206083
2273 7.3455828113525
2274 7.34528735064417
2275 7.34499188993583
2276 7.3446964292275
2277 7.34440096851917
2278 7.34410550781083
2279 7.3438100471025
2280 7.34351458639417
2281 7.34321912568583
2282 7.3429236649775
2283 7.34262820426917
2284 7.34233274356083
2285 7.3420372828525
2286 7.34174182214417
2287 7.34144636143583
2288 7.3411509007275
2289 7.34085544001917
2290 7.34055997931083
2291 7.3402645186025
2292 7.33996905789417
2293 7.33967359718583
2294 7.3393781364775
2295 7.33908267576917
2296 7.33878721506083
2297 7.3384917543525
2298 7.33819629364417
2299 7.33790083293583
2300 7.3376053722275
2301 7.33730991151917
2302 7.33701445081083
2303 7.3367189901025
2304 7.33642352939417
2305 7.33612806868583
2306 7.3358326079775
2307 7.33553714726917
2308 7.33524168656083
2309 7.3349462258525
2310 7.33465076514417
2311 7.33435530443583
2312 7.3340598437275
2313 7.33376438301917
2314 7.33346892231083
2315 7.3331734616025
2316 7.33287800089417
2317 7.33258254018583
2318 7.3322870794775
2319 7.33199161876917
2320 7.33169615806083
2321 7.3314006973525
2322 7.331212334692
2323 7.331403683292
2324 7.331595031892
2325 7.331786380492
2326 7.331977729092
2327 7.332169077692
2328 7.332360426292
2329 7.332551774892
2330 7.332743123492
2331 7.332934472092
2332 7.333125820692
2333 7.333317169292
2334 7.333508517892
2335 7.333699866492
2336 7.333891215092
2337 7.334082563692
2338 7.334273912292
2339 7.334465260892
2340 7.334656609492
2341 7.334847958092
2342 7.335039306692
2343 7.335230655292
2344 7.335422003892
2345 7.335613352492
2346 7.335804701092
2347 7.335996049692
2348 7.336187398292
2349 7.336378746892
2350 7.336570095492
2351 7.336761444092
2352 7.336952792692
2353 7.337144141292
2354 7.337335489892
2355 7.337526838492
2356 7.337718187092
2357 7.337909535692
2358 7.338100884292
2359 7.338292232892
2360 7.338483581492
2361 7.338674930092
2362 7.338866278692
2363 7.339057627292
2364 7.339248975892
2365 7.339440324492
2366 7.339631673092
2367 7.339823021692
2368 7.340014370292
2369 7.340205718892
2370 7.340397067492
2371 7.340588416092
2372 7.340779764692
2373 7.340971113292
2374 7.341162461892
2375 7.341353810492
2376 7.341545159092
2377 7.341736507692
2378 7.341927856292
2379 7.342119204892
2380 7.342310553492
2381 7.342501902092
2382 7.342693250692
2383 7.342884599292
2384 7.343075947892
2385 7.343267296492
2386 7.343458645092
2387 7.343649993692
2388 7.343841342292
2389 7.344032690892
2390 7.344224039492
2391 7.344415388092
2392 7.344606736692
2393 7.344798085292
2394 7.344989433892
2395 7.345180782492
2396 7.345372131092
2397 7.345563479692
2398 7.345754828292
2399 7.345946176892
2400 7.346137525492
2401 7.346328874092
2402 7.346520222692
2403 7.346711571292
2404 7.346902919892
2405 7.347094268492
2406 7.347285617092
2407 7.347476965692
2408 7.347668314292
2409 7.347859662892
2410 7.348051011492
2411 7.348242360092
2412 7.348433708692
2413 7.348625057292
2414 7.348816405892
2415 7.349007754492
2416 7.349199103092
2417 7.349390451692
2418 7.349581800292
2419 7.349773148892
2420 7.349964497492
2421 7.350155846092
2422 7.350347194692
2423 7.350538543292
2424 7.350729891892
2425 7.350921240492
2426 7.351112589092
2427 7.351303937692
2428 7.351495286292
2429 7.351686634892
2430 7.351877983492
2431 7.352069332092
2432 7.352260680692
2433 7.352452029292
2434 7.352643377892
2435 7.352834726492
2436 7.353026075092
2437 7.353217423692
2438 7.353408772292
2439 7.353600120892
2440 7.353791469492
2441 7.353982818092
2442 7.3541253424385
2443 7.3540947626135
2444 7.3540641827885
2445 7.3540336029635
2446 7.3540030231385
2447 7.3539724433135
2448 7.3539418634885
2449 7.3539112836635
2450 7.3538807038385
2451 7.3538501240135
2452 7.3538195441885
2453 7.3537889643635
2454 7.3537583845385
2455 7.3537278047135
2456 7.3536972248885
2457 7.3536666450635
2458 7.3536360652385
2459 7.3536054854135
2460 7.3535749055885
2461 7.3535443257635
2462 7.3535137459385
2463 7.3534831661135
2464 7.3534525862885
2465 7.3534220064635
2466 7.3533914266385
2467 7.3533608468135
2468 7.3533302669885
2469 7.3532996871635
2470 7.3532691073385
2471 7.3532385275135
2472 7.3532079476885
2473 7.3531773678635
2474 7.3531467880385
2475 7.3531162082135
2476 7.3530856283885
2477 7.3530550485635
2478 7.3530244687385
2479 7.3529938889135
2480 7.3529633090885
2481 7.3529327292635
2482 7.3529021494385
2483 7.3528715696135
2484 7.3528409897885
2485 7.3528104099635
2486 7.3527798301385
2487 7.3527492503135
2488 7.3527186704885
2489 7.3526880906635
2490 7.3526575108385
2491 7.3526269310135
2492 7.3525963511885
2493 7.3525657713635
2494 7.3525351915385
2495 7.3525046117135
2496 7.3524740318885
2497 7.3524434520635
2498 7.3524128722385
2499 7.3523822924135
2500 7.3523517125885
2501 7.3523211327635
2502 7.3522905529385
2503 7.3522599731135
2504 7.3522293932885
2505 7.3521988134635
2506 7.3521682336385
2507 7.3521376538135
2508 7.3521070739885
2509 7.3520764941635
2510 7.3520459143385
2511 7.3520153345135
2512 7.3519847546885
2513 7.3519541748635
2514 7.3519235950385
2515 7.3518930152135
2516 7.3518624353885
2517 7.3518318555635
2518 7.3518012757385
2519 7.3517706959135
2520 7.3517401160885
2521 7.3517095362635
2522 7.3516789564385
2523 7.3516483766135
2524 7.3516177967885
2525 7.3515872169635
2526 7.3515566371385
2527 7.3515260573135
2528 7.3514954774885
2529 7.3514648976635
2530 7.3514343178385
2531 7.3514037380135
2532 7.3513731581885
2533 7.3513425783635
2534 7.3513119985385
2535 7.3512814187135
2536 7.3512508388885
2537 7.3512202590635
2538 7.3511896792385
2539 7.3511590994135
2540 7.3511285195885
2541 7.3510979397635
2542 7.3510673599385
2543 7.3510367801135
2544 7.3510062002885
2545 7.3509756204635
2546 7.3509450406385
2547 7.3509144608135
2548 7.3508838809885
2549 7.3508533011635
2550 7.3508227213385
2551 7.3507921415135
2552 7.3507615616885
2553 7.3507309818635
2554 7.3507004020385
2555 7.3506698222135
2556 7.3506392423885
2557 7.3506086625635
2558 7.3505780827385
2559 7.3505475029135
2560 7.3505169230885
2561 7.3504863432635
2562 7.35044773982033
2563 7.35038068900367
2564 7.350313638187
2565 7.35024658737033
2566 7.35017953655367
2567 7.350112485737
2568 7.35004543492033
2569 7.34997838410367
2570 7.349911333287
2571 7.34984428247033
2572 7.34977723165367
2573 7.349710180837
2574 7.34964313002033
2575 7.34957607920367
2576 7.349509028387
2577 7.34944197757033
2578 7.34937492675367
2579 7.349307875937
2580 7.34924082512033
2581 7.34917377430367
2582 7.349106723487
2583 7.34903967267033
2584 7.34897262185367
2585 7.348905571037
2586 7.34883852022033
2587 7.34877146940367
2588 7.348704418587
2589 7.34863736777033
2590 7.34857031695367
2591 7.348503266137
2592 7.34843621532033
2593 7.34836916450367
2594 7.348302113687
2595 7.34823506287033
2596 7.34816801205367
2597 7.348100961237
2598 7.34803391042033
2599 7.34796685960367
2600 7.347899808787
2601 7.34783275797033
2602 7.34776570715367
2603 7.347698656337
2604 7.34763160552033
2605 7.34756455470367
2606 7.347497503887
2607 7.34743045307033
2608 7.34736340225367
2609 7.347296351437
2610 7.34722930062033
2611 7.34716224980367
2612 7.347095198987
2613 7.34702814817033
2614 7.34696109735367
2615 7.346894046537
2616 7.34682699572033
2617 7.34675994490367
2618 7.346692894087
2619 7.34662584327033
2620 7.34655879245367
2621 7.346491741637
2622 7.34642469082033
2623 7.34635764000367
2624 7.346290589187
2625 7.34622353837033
2626 7.34615648755367
2627 7.346089436737
2628 7.34602238592033
2629 7.34595533510367
2630 7.345888284287
2631 7.34582123347033
2632 7.34575418265367
2633 7.345687131837
2634 7.34562008102033
2635 7.34555303020367
2636 7.345485979387
2637 7.34541892857033
2638 7.34535187775367
2639 7.345284826937
2640 7.34521777612033
2641 7.34515072530367
2642 7.345083674487
2643 7.34501662367033
2644 7.34494957285367
2645 7.344882522037
2646 7.34481547122033
2647 7.34474842040367
2648 7.344681369587
2649 7.34461431877033
2650 7.34454726795367
2651 7.344480217137
2652 7.34441316632033
2653 7.34434611550367
2654 7.344279064687
2655 7.34421201387033
2656 7.34414496305367
2657 7.344077912237
2658 7.34401086142033
2659 7.34394381060367
2660 7.343876759787
2661 7.34380970897033
2662 7.34374265815367
2663 7.343675607337
2664 7.34360855652033
2665 7.34354150570367
2666 7.343474454887
2667 7.34340740407033
2668 7.34334035325367
2669 7.343273302437
2670 7.34320625162033
2671 7.34313920080367
2672 7.343072149987
2673 7.34300509917033
2674 7.34293804835367
2675 7.342870997537
2676 7.34280394672033
2677 7.34273689590367
2678 7.342669845087
2679 7.34260279427033
2680 7.34253574345367
2681 7.342468692637
2682 7.34237334710517
2683 7.34217768394683
2684 7.3419820207885
2685 7.34178635763017
2686 7.34159069447183
2687 7.3413950313135
2688 7.34119936815517
2689 7.34100370499683
2690 7.3408080418385
2691 7.34061237868017
2692 7.34041671552183
2693 7.3402210523635
2694 7.34002538920517
2695 7.33982972604683
2696 7.3396340628885
2697 7.33943839973017
2698 7.33924273657183
2699 7.3390470734135
2700 7.33885141025517
2701 7.33865574709683
2702 7.3384600839385
2703 7.33826442078017
2704 7.33806875762183
2705 7.3378730944635
2706 7.33767743130517
2707 7.33748176814683
2708 7.3372861049885
2709 7.33709044183017
2710 7.33689477867183
2711 7.3366991155135
2712 7.33650345235517
2713 7.33630778919683
2714 7.3361121260385
2715 7.33591646288017
2716 7.33572079972183
2717 7.3355251365635
2718 7.33532947340517
2719 7.33513381024683
2720 7.3349381470885
2721 7.33474248393017
2722 7.33454682077183
2723 7.3343511576135
2724 7.33415549445517
2725 7.33395983129683
2726 7.3337641681385
2727 7.33356850498017
2728 7.33337284182183
2729 7.3331771786635
2730 7.33298151550517
2731 7.33278585234683
2732 7.3325901891885
2733 7.33239452603017
2734 7.33219886287183
2735 7.3320031997135
2736 7.33180753655517
2737 7.33161187339683
2738 7.3314162102385
2739 7.33122054708017
2740 7.33102488392183
2741 7.3308292207635
2742 7.33063355760517
2743 7.33043789444683
2744 7.3302422312885
2745 7.33004656813017
2746 7.32985090497183
2747 7.3296552418135
2748 7.32945957865517
2749 7.32926391549683
2750 7.3290682523385
2751 7.32887258918017
2752 7.32867692602183
2753 7.3284812628635
2754 7.32828559970517
2755 7.32808993654683
2756 7.3278942733885
2757 7.32769861023017
2758 7.32750294707183
2759 7.3273072839135
2760 7.32711162075517
2761 7.32691595759683
2762 7.3267202944385
2763 7.32652463128017
2764 7.32632896812183
2765 7.3261333049635
2766 7.32593764180517
2767 7.32574197864683
2768 7.3255463154885
2769 7.32535065233017
2770 7.32515498917183
2771 7.3249593260135
2772 7.32476366285517
2773 7.32456799969683
2774 7.3243723365385
2775 7.32417667338017
2776 7.32398101022183
2777 7.3237853470635
2778 7.32358968390517
2779 7.32339402074683
2780 7.3231983575885
2781 7.32300269443017
2782 7.32280703127183
2783 7.3226113681135
2784 7.32241570495517
2785 7.32222004179683
2786 7.3220243786385
2787 7.32182871548017
2788 7.32163305232183
2789 7.3214373891635
2790 7.32124172600517
2791 7.32104606284683
2792 7.3208503996885
2793 7.32065473653017
2794 7.32045907337183
2795 7.3202634102135
2796 7.32006774705517
2797 7.31987208389683
2798 7.3196764207385
2799 7.31948075758017
2800 7.31928509442183
2801 7.3190894312635
2802 7.31889149669867
2803 7.31868550896533
2804 7.318479521232
2805 7.31827353349867
2806 7.31806754576533
2807 7.317861558032
2808 7.31765557029867
2809 7.31744958256533
2810 7.317243594832
2811 7.31703760709867
2812 7.31683161936533
2813 7.316625631632
2814 7.31641964389867
2815 7.31621365616533
2816 7.316007668432
2817 7.31580168069867
2818 7.31559569296533
2819 7.315389705232
2820 7.31518371749867
2821 7.31497772976533
2822 7.314771742032
2823 7.31456575429867
2824 7.31435976656533
2825 7.314153778832
2826 7.31394779109867
2827 7.31374180336533
2828 7.313535815632
2829 7.31332982789867
2830 7.31312384016533
2831 7.312917852432
2832 7.31271186469867
2833 7.31250587696533
2834 7.312299889232
2835 7.31209390149867
2836 7.31188791376533
2837 7.311681926032
2838 7.31147593829867
2839 7.31126995056533
2840 7.311063962832
2841 7.31085797509867
2842 7.31065198736533
2843 7.310445999632
2844 7.31024001189867
2845 7.31003402416533
2846 7.309828036432
2847 7.30962204869867
2848 7.30941606096533
2849 7.309210073232
2850 7.30900408549867
2851 7.30879809776533
2852 7.308592110032
2853 7.30838612229867
2854 7.30818013456533
2855 7.307974146832
2856 7.30776815909867
2857 7.30756217136533
2858 7.307356183632
2859 7.30715019589867
2860 7.30694420816533
2861 7.306738220432
2862 7.30653223269867
2863 7.30632624496533
2864 7.306120257232
2865 7.30591426949867
2866 7.30570828176533
2867 7.305502294032
2868 7.30529630629867
2869 7.30509031856533
2870 7.304884330832
2871 7.30467834309867
2872 7.30447235536533
2873 7.304266367632
2874 7.30406037989867
2875 7.30385439216533
2876 7.303648404432
2877 7.30344241669867
2878 7.30323642896533
2879 7.303030441232
2880 7.30282445349867
2881 7.30261846576533
2882 7.302412478032
2883 7.30220649029867
2884 7.30200050256533
2885 7.301794514832
2886 7.30158852709867
2887 7.30138253936533
2888 7.301176551632
2889 7.30097056389867
2890 7.30076457616533
2891 7.300558588432
2892 7.30035260069867
2893 7.30014661296533
2894 7.299940625232
2895 7.29973463749867
2896 7.29952864976533
2897 7.299322662032
2898 7.29911667429867
2899 7.29891068656533
2900 7.298704698832
2901 7.29849871109867
2902 7.29829272336533
2903 7.298086735632
2904 7.29788074789867
2905 7.29767476016533
2906 7.297468772432
2907 7.29726278469867
2908 7.29705679696533
2909 7.296850809232
2910 7.29664482149867
2911 7.29643883376533
2912 7.296232846032
2913 7.29602685829867
2914 7.29582087056533
2915 7.295614882832
2916 7.29540889509867
2917 7.29520290736533
2918 7.294996919632
2919 7.29479093189867
2920 7.29458494416533
2921 7.294378956432
2922 7.29416182755033
2923 7.29390519823367
2924 7.293648568917
2925 7.29339193960033
2926 7.29313531028367
2927 7.292878680967
2928 7.29262205165033
2929 7.29236542233367
2930 7.292108793017
2931 7.29185216370033
2932 7.29159553438367
2933 7.291338905067
2934 7.29108227575033
2935 7.29082564643367
2936 7.290569017117
2937 7.29031238780033
2938 7.29005575848367
2939 7.289799129167
2940 7.28954249985033
2941 7.28928587053367
2942 7.289029241217
2943 7.28877261190033
2944 7.28851598258367
2945 7.288259353267
2946 7.28800272395033
2947 7.28774609463367
2948 7.287489465317
2949 7.28723283600033
2950 7.28697620668367
2951 7.286719577367
2952 7.28646294805033
2953 7.28620631873367
2954 7.285949689417
2955 7.28569306010033
2956 7.28543643078367
2957 7.285179801467
2958 7.28492317215033
2959 7.28466654283367
2960 7.284409913517
2961 7.28415328420033
2962 7.28389665488367
2963 7.283640025567
2964 7.28338339625033
2965 7.28312676693367
2966 7.282870137617
2967 7.28261350830033
2968 7.28235687898367
2969 7.282100249667
2970 7.28184362035033
2971 7.28158699103367
2972 7.281330361717
2973 7.28107373240033
2974 7.28081710308367
2975 7.280560473767
2976 7.28030384445033
2977 7.28004721513367
2978 7.279790585817
2979 7.27953395650033
2980 7.27927732718367
2981 7.279020697867
2982 7.27876406855033
2983 7.27850743923367
2984 7.278250809917
2985 7.27799418060033
2986 7.27773755128367
2987 7.277480921967
2988 7.27722429265033
2989 7.27696766333367
2990 7.276711034017
2991 7.27645440470033
2992 7.27619777538367
2993 7.275941146067
2994 7.27568451675033
2995 7.27542788743367
2996 7.275171258117
2997 7.27491462880033
2998 7.27465799948367
2999 7.274401370167
3000 7.27414474085033
3001 7.27388811153367
3002 7.273631482217
3003 7.27337485290033
3004 7.27311822358367
3005 7.272861594267
3006 7.27260496495033
3007 7.27234833563367
3008 7.272091706317
3009 7.27183507700033
3010 7.27157844768367
3011 7.271321818367
3012 7.27106518905033
3013 7.27080855973367
3014 7.270551930417
3015 7.27029530110033
3016 7.27003867178367
3017 7.269782042467
3018 7.26952541315033
3019 7.26926878383367
3020 7.269012154517
3021 7.26875552520033
3022 7.26849889588367
3023 7.268242266567
3024 7.26798563725033
3025 7.26772900793367
3026 7.267472378617
3027 7.26721574930033
3028 7.26695911998367
3029 7.266702490667
3030 7.26644586135033
3031 7.26618923203367
3032 7.265932602717
3033 7.26567597340033
3034 7.26541934408367
3035 7.265162714767
3036 7.26490608545033
3037 7.26464945613367
3038 7.264392826817
3039 7.26413619750033
3040 7.26387956818367
3041 7.263622938867
3042 7.2633037494795
3043 7.2627627562045
3044 7.2622217629295
3045 7.2616807696545
3046 7.2611397763795
3047 7.2605987831045
3048 7.2600577898295
3049 7.2595167965545
3050 7.2589758032795
3051 7.2584348100045
3052 7.2578938167295
3053 7.2573528234545
3054 7.2568118301795
3055 7.2562708369045
3056 7.2557298436295
3057 7.2551888503545
3058 7.2546478570795
3059 7.2541068638045
3060 7.2535658705295
3061 7.2530248772545
3062 7.2524838839795
3063 7.2519428907045
3064 7.2514018974295
3065 7.2508609041545
3066 7.2503199108795
3067 7.2497789176045
3068 7.2492379243295
3069 7.2486969310545
3070 7.2481559377795
3071 7.2476149445045
3072 7.2470739512295
3073 7.2465329579545
3074 7.2459919646795
3075 7.2454509714045
3076 7.2449099781295
3077 7.2443689848545
3078 7.2438279915795
3079 7.2432869983045
3080 7.2427460050295
3081 7.2422050117545
3082 7.2416640184795
3083 7.2411230252045
3084 7.2405820319295
3085 7.2400410386545
3086 7.2395000453795
3087 7.2389590521045
3088 7.2384180588295
3089 7.2378770655545
3090 7.2373360722795
3091 7.2367950790045
3092 7.2362540857295
3093 7.2357130924545
3094 7.2351720991795
3095 7.2346311059045
3096 7.2340901126295
3097 7.2335491193545
3098 7.2330081260795
3099 7.2324671328045
3100 7.2319261395295
3101 7.2313851462545
3102 7.2308441529795
3103 7.2303031597045
3104 7.2297621664295
3105 7.2292211731545
3106 7.2286801798795
3107 7.2281391866045
3108 7.2275981933295
3109 7.2270572000545
3110 7.2265162067795
3111 7.2259752135045
3112 7.2254342202295
3113 7.2248932269545
3114 7.2243522336795
3115 7.2238112404045
3116 7.2232702471295
3117 7.2227292538545
3118 7.2221882605795
3119 7.2216472673045
3120 7.2211062740295
3121 7.2205652807545
3122 7.2200242874795
3123 7.2194832942045
3124 7.2189423009295
3125 7.2184013076545
3126 7.2178603143795
3127 7.2173193211045
3128 7.2167783278295
3129 7.2162373345545
3130 7.2156963412795
3131 7.2151553480045
3132 7.2146143547295
3133 7.2140733614545
3134 7.2135323681795
3135 7.2129913749045
3136 7.2124503816295
3137 7.2119093883545
3138 7.2113683950795
3139 7.2108274018045
3140 7.2102864085295
3141 7.2097454152545
3142 7.2092044219795
3143 7.2086634287045
3144 7.2081224354295
3145 7.2075814421545
3146 7.2070404488795
3147 7.2064994556045
3148 7.2059584623295
3149 7.2054174690545
3150 7.2048764757795
3151 7.2043354825045
3152 7.2037944892295
3153 7.2032534959545
3154 7.2027125026795
3155 7.2021715094045
3156 7.2016305161295
3157 7.2010895228545
3158 7.2005485295795
3159 7.2000075363045
3160 7.1994665430295
3161 7.1989255497545
3162 7.19796740800445
3163 7.19553028529742
3164 7.19309316259038
3165 7.19065603988335
3166 7.18821891717631
3167 7.18578179446928
3168 7.18334467176224
3169 7.18090754905521
3170 7.17847042634818
3171 7.17603330364114
3172 7.17359618093411
3173 7.17115905822707
3174 7.170625582767
3175 7.170111336067
3176 7.169597089367
3177 7.169082842667
3178 7.168568595967
3179 7.168054349267
3180 7.167540102567
3181 7.167025855867
3182 7.166511609167
3183 7.165997362467
3184 7.163685414664
3185 7.161355308264
3186 7.159025201864
3187 7.156695095464
3188 7.154364989064
3189 7.152034882664
3190 7.149704776264
3191 7.147374669864
3192 7.145044563464
3193 7.142714457064
3194 7.141235121519
3195 7.139764379619
3196 7.138293637719
3197 7.136822895819
3198 7.135352153919
3199 7.133881412019
3200 7.132410670119
3201 7.130939928219
3202 7.129469186319
3203 7.127998444419
3204 7.129905140088
3205 7.131845951288
3206 7.133786762488
3207 7.135727573688
3208 7.137668384888
3209 7.139609196088
3210 7.141550007288
3211 7.143490818488
3212 7.145431629688
3213 7.147372440888
3214 7.146337353668
3215 7.145272206868
3216 7.144207060068
3217 7.143141913268
3218 7.142076766468
3219 7.141011619668
3220 7.139946472868
3221 7.138881326068
3222 7.137816179268
3223 7.136751032468
3224 7.129766844166
3225 7.122722867566
3226 7.115678890966
3227 7.108634914366
3228 7.101590937766
3229 7.094546961166
3230 7.087502984566
3231 7.080459007966
3232 7.073415031366
3233 7.066371054766
3234 7.065582633934
3235 7.064857400534
3236 7.064132167134
3237 7.063406933734
3238 7.062681700334
3239 7.061956466934
3240 7.061231233534
3241 7.060506000134
3242 7.059780766734
3243 7.059055533334
3244 7.058772479276
3245 7.058493891676
3246 7.058215304076
3247 7.057936716476
3248 7.057658128876
3249 7.057379541276
3250 7.057100953676
3251 7.056822366076
3252 7.056543778476
3253 7.056265190876
3254 7.058627147512
3255 7.061015776312
3256 7.063404405112
3257 7.065793033912
3258 7.068181662712
3259 7.070570291512
3260 7.072958920312
3261 7.075347549112
3262 7.077736177912
3263 7.080124806712
3264 7.079962442419
3265 7.079774310519
3266 7.079586178619
3267 7.079398046719
3268 7.079209914819
3269 7.079021782919
3270 7.078833651019
3271 7.078645519119
3272 7.078457387219
3273 7.078269255319
3274 7.078740370062
3275 7.079218143862
3276 7.079695917662
3277 7.080173691462
3278 7.080651465262
3279 7.081129239062
3280 7.081607012862
3281 7.082084786662
3282 7.082562560462
3283 7.083040334262
3284 7.085038933192
3285 7.087052893992
3286 7.089066854792
3287 7.091080815592
3288 7.093094776392
3289 7.095108737192
3290 7.097122697992
3291 7.099136658792
3292 7.101150619592
3293 7.103164580392
3294 7.10449321658824
3295 7.10581493031373
3296 7.10713664403922
3297 7.10845835776471
3298 7.1097800714902
3299 7.11110178521569
3300 7.11242349894118
3301 7.11374521266667
3302 7.11506692639216
3303 7.11638864011765
3304 7.117049562992
3305 7.116011309392
3306 7.114973055792
3307 7.113934802192
3308 7.112896548592
3309 7.111858294992
3310 7.110820041392
3311 7.109781787792
3312 7.108743534192
3313 7.107705280592
3314 7.10695886948
3315 7.10696291048
3316 7.10696695148
3317 7.10697099248
3318 7.10697503348
3319 7.10697907448
3320 7.10698311548
3321 7.10698715648
3322 7.10699119748
3323 7.10699523848
3324 7.1073919239
3325 7.1087982664
3326 7.1102046089
3327 7.1116109514
3328 7.1130172939
3329 7.1144236364
3330 7.1158299789
3331 7.1172363214
3332 7.1186426639
3333 7.1200490064
3334 7.120812686572
3335 7.119923806472
3336 7.119034926372
3337 7.118146046272
3338 7.117257166172
3339 7.116368286072
3340 7.115479405972
3341 7.114590525872
3342 7.113701645772
3343 7.112812765672
3344 7.112434758872
3345 7.113370426272
3346 7.114306093672
3347 7.115241761072
3348 7.116177428472
3349 7.117113095872
3350 7.118048763272
3351 7.118984430672
3352 7.119920098072
3353 7.120855765472
3354 7.121536838812
3355 7.121563241712
3356 7.121589644612
3357 7.121616047512
3358 7.121642450412
3359 7.121668853312
3360 7.121695256212
3361 7.121721659112
3362 7.121748062012
3363 7.121774464912
3364 7.12185758912
3365 7.12208656812
3366 7.12231554712
3367 7.12254452612
3368 7.12277350512
3369 7.12300248412
3370 7.12323146312
3371 7.12346044212
3372 7.12368942112
3373 7.12391840012
3374 7.123870820628
3375 7.123112090728
3376 7.122353360828
3377 7.121594630928
3378 7.120835901028
3379 7.120077171128
3380 7.119318441228
3381 7.118559711328
3382 7.117800981428
3383 7.117042251528
3384 7.116692588048
3385 7.117394809648
3386 7.118097031248
3387 7.118799252848
3388 7.119501474448
3389 7.120203696048
3390 7.120905917648
3391 7.121608139248
3392 7.122310360848
3393 7.123012582448
3394 7.123689253236
3395 7.124300221936
3396 7.124911190636
3397 7.125522159336
3398 7.126133128036
3399 7.126744096736
3400 7.127355065436
3401 7.127966034136
3402 7.128577002836
3403 7.129187971536
3404 7.129922092692
3405 7.130972891592
3406 7.132023690492
3407 7.133074489392
3408 7.134125288292
3409 7.135176087192
3410 7.136226886092
3411 7.137277684992
3412 7.138328483892
3413 7.139379282792
3414 7.140097282008
3415 7.139959510608
3416 7.139821739208
3417 7.139683967808
3418 7.139546196408
3419 7.139408425008
3420 7.139270653608
3421 7.139132882208
3422 7.138995110808
3423 7.138857339408
3424 7.1391728086
3425 7.1406537536
3426 7.1421346986
3427 7.1436156436
3428 7.1450965886
3429 7.1465775336
3430 7.1480584786
3431 7.1495394236
3432 7.1510203686
3433 7.1525013136
3434 7.153264907252
3435 7.152183883152
3436 7.151102859052
3437 7.150021834952
3438 7.148940810852
3439 7.147859786752
3440 7.146778762652
3441 7.145697738552
3442 7.144616714452
3443 7.143535690352
3444 7.142688573072
3445 7.142442930472
3446 7.142197287872
3447 7.141951645272
3448 7.141706002672
3449 7.141460360072
3450 7.141214717472
3451 7.140969074872
3452 7.140723432272
3453 7.140477789672
3454 7.14088914792
3455 7.14298993692
3456 7.14509072592
3457 7.14719151492
3458 7.14929230392
3459 7.15139309292
3460 7.15349388192
3461 7.15559467092
3462 7.15769545992
3463 7.15979624892
3464 7.161159589712
3465 7.160626635112
3466 7.160093680512
3467 7.159560725912
3468 7.159027771312
3469 7.158494816712
3470 7.157961862112
3471 7.157428907512
3472 7.156895952912
3473 7.156362998312
3474 7.156081848328
3475 7.156448195928
3476 7.156814543528
3477 7.157180891128
3478 7.157547238728
3479 7.157913586328
3480 7.158279933928
3481 7.158646281528
3482 7.159012629128
3483 7.159378976728
3484 7.1596058115
3485 7.159473899
3486 7.1593419865
3487 7.159210074
3488 7.1590781615
3489 7.158946249
3490 7.1588143365
3491 7.158682424
3492 7.1585505115
3493 7.158418599
3494 7.158448067104
3495 7.158892513904
3496 7.159336960704
3497 7.159781407504
3498 7.160225854304
3499 7.160670301104
3500 7.161114747904
3501 7.161559194704
3502 7.162003641504
3503 7.162448088304
3504 7.162654414928
3505 7.162248432528
3506 7.161842450128
3507 7.161436467728
3508 7.161030485328
3509 7.160624502928
3510 7.160218520528
3511 7.159812538128
3512 7.159406555728
3513 7.159000573328
3514 7.158759972032
3515 7.158944636432
3516 7.159129300832
3517 7.159313965232
3518 7.159498629632
3519 7.159683294032
3520 7.159867958432
3521 7.160052622832
3522 7.160237287232
3523 7.160421951632
3524 7.160524018076
3525 7.160413689776
3526 7.160303361476
3527 7.160193033176
3528 7.160082704876
3529 7.159972376576
3530 7.159862048276
3531 7.159751719976
3532 7.159641391676
3533 7.159531063376
3534 7.159649143368
3535 7.160354558968
3536 7.161059974568
3537 7.161765390168
3538 7.162470805768
3539 7.163176221368
3540 7.163881636968
3541 7.164587052568
3542 7.165292468168
3543 7.165997883768
3544 7.166741202912
3545 7.167581988312
3546 7.168422773712
3547 7.169263559112
3548 7.170104344512
3549 7.170945129912
3550 7.171785915312
3551 7.172626700712
3552 7.173467486112
3553 7.174308271512
3554 7.172538271364
3555 7.164054822664
3556 7.155571373964
3557 7.147087925264
3558 7.138604476564
3559 7.130121027864
3560 7.121637579164
3561 7.113154130464
3562 7.104670681764
3563 7.096187233064
3564 7.088223998044
3565 7.081598455344
3566 7.074972912644
3567 7.068347369944
3568 7.061721827244
3569 7.055096284544
3570 7.048470741844
3571 7.041845199144
3572 7.035219656444
3573 7.028594113744
3574 7.022548862588
3575 7.017995789688
3576 7.013442716788
3577 7.008889643888
3578 7.004336570988
3579 6.999783498088
3580 6.995230425188
3581 6.990677352288
3582 6.986124279388
3583 6.981571206488
3584 6.977413273172
3585 6.974271413072
3586 6.971129552972
3587 6.967987692872
3588 6.964845832772
3589 6.961703972672
3590 6.958562112572
3591 6.955420252472
3592 6.952278392372
3593 6.949136532272
3594 6.94605084804
3595 6.94310961604
3596 6.94016838404
3597 6.93722715204
3598 6.93428592004
3599 6.93134468804
3600 6.92840345604
3601 6.92546222404
3602 6.92252099204
3603 6.91957976004
3604 6.916660907488
3605 6.913799602088
3606 6.910938296688
3607 6.908076991288
3608 6.905215685888
3609 6.902354380488
3610 6.899493075088
3611 6.896631769688
3612 6.893770464288
3613 6.890909158888
3614 6.886886385264
3615 6.879876979064
3616 6.872867572864
3617 6.865858166664
3618 6.858848760464
3619 6.851839354264
3620 6.844829948064
3621 6.837820541864
3622 6.830811135664
3623 6.823801729464
3624 6.818027411244
3625 6.815429033544
3626 6.812830655844
3627 6.810232278144
3628 6.807633900444
3629 6.805035522744
3630 6.802437145044
3631 6.799838767344
3632 6.797240389644
3633 6.794642011944
3634 6.791917355924
3635 6.788867984224
3636 6.785818612524
3637 6.782769240824
3638 6.779719869124
3639 6.776670497424
3640 6.773621125724
3641 6.770571754024
3642 6.767522382324
3643 6.764473010624
3644 6.761676540244
3645 6.759530387544
3646 6.757384234844
3647 6.755238082144
3648 6.753091929444
3649 6.750945776744
3650 6.748799624044
3651 6.746653471344
3652 6.744507318644
3653 6.742361165944
3654 6.739883415208
3655 6.736552983808
3656 6.733222552408
3657 6.729892121008
3658 6.726561689608
3659 6.723231258208
3660 6.719900826808
3661 6.716570395408
3662 6.713239964008
3663 6.709909532608
3664 6.70681160688
3665 6.70431155288
3666 6.70181149888
3667 6.69931144488
3668 6.69681139088
3669 6.69431133688
3670 6.69181128288
3671 6.68931122888
3672 6.68681117488
3673 6.68431112088
3674 6.681525798708
3675 6.678006929808
3676 6.674488060908
3677 6.670969192008
3678 6.667450323108
3679 6.663931454208
3680 6.660412585308
3681 6.656893716408
3682 6.653374847508
3683 6.649855978608
3684 6.646710644506
3685 6.644525828456
3686 6.642341012406
3687 6.640156196356
3688 6.637971380306
3689 6.635786564256
3690 6.633601748206
3691 6.631416932156
3692 6.629232116106
3693 6.627047300056
3694 6.624862484006
3695 6.622677667956
3696 6.620492851906
3697 6.618308035856
3698 6.616123219806
3699 6.613938403756
3700 6.611753587706
3701 6.609568771656
3702 6.607383955606
3703 6.605199139556
3704 6.602781534376
3705 6.599765328576
3706 6.596749122776
3707 6.593732916976
3708 6.590716711176
3709 6.587700505376
3710 6.584684299576
3711 6.581668093776
3712 6.578651887976
3713 6.575635682176
3714 6.57281901325515
3715 6.5705154391664
3716 6.56821186507765
3717 6.56590829098891
3718 6.56360471690016
3719 6.56130114281141
3720 6.55899756872266
3721 6.55669399463391
3722 6.55439042054517
3723 6.55208684645642
3724 6.54978327236767
3725 6.54747969827892
3726 6.54517612419017
3727 6.541213123776
3728 6.536395267376
3729 6.531577410976
3730 6.526759554576
3731 6.521941698176
3732 6.517123841776
3733 6.512305985376
3734 6.507488128976
3735 6.502670272576
3736 6.497852416176
3737 6.494145323408
3738 6.491010442208
3739 6.487875561008
3740 6.484740679808
3741 6.481605798608
3742 6.478470917408
3743 6.475336036208
3744 6.472201155008
3745 6.469066273808
3746 6.465931392608
3747 6.462796511408
3748 6.459661630208
3749 6.456526749008
3750 6.453391867808
3751 6.450256986608
3752 6.447122105408
3753 6.443987224208
3754 6.440852343008
3755 6.437717461808
3756 6.434582580608
3757 6.431447699408
3758 6.428312818208
3759 6.425177937008
3760 6.422043055808
3761 6.418908174608
3762 6.415773293408
3763 6.412638412208
3764 6.409503531008
3765 6.406368649808
3766 6.403233768608
