-34 7.17107327708
-33 7.17253415248
-32 7.17399502788
-31 7.17545590328
-30 7.17691677868
-29 7.1780104614
-28 7.1776353734
-27 7.1772602854
-26 7.1768851974
-25 7.1765101094
-24 7.17620306948
-23 7.17616822188
-22 7.17613337428
-21 7.17609852668
-20 7.17606367908
-19 7.17593285708
-18 7.17541813748
-17 7.17490341788
-16 7.17438869828
-15 7.17387397868
-14 7.17352205079319
-13 7.17382128975914
-12 7.17412052872509
-11 7.17441976769105
-10 7.174719006657
-9 7.17501824562295
-8 7.1753174845889
-7 7.17561672355485
-6 7.17311239593
-5 7.16677509198
-4 7.16798988734
-3 7.16427555012
-2 7.16645964455
-1 7.16877037294488
0 7.168686332
1 7.15864483942
2 7.20040031288
3 7.21078001743
4 7.20170035914
5 7.19172395487
6 7.19166786333
7 7.19881813278
8 7.2291075128
9 7.27540146624
10 7.32836592927
11 7.38420762982
12 7.44212294579
13 7.48655718773
14 7.52105981346
15 7.55408847299
16 7.57368455151
17 7.59652280007
18 7.61801544547
19 7.63208369105
20 7.65179069888
21 7.66233789696
22 7.68226269591
23 7.70057990917
24 7.70258523559
25 7.68512745889
26 7.67568141343
27 7.66734644308
28 7.6469660748
29 7.6334270512
30 7.62974139007
31 7.61427537538
32 7.60737429248
33 7.60398856581
34 7.61561458212
35 7.63260407804
36 7.64624945441
37 7.65671407715
38 7.68278803864
39 7.68914110028
40 7.69662930052
41 7.70054819636
42 7.70675584311
43 7.71771207852
44 7.72928180991
45 7.73623359998
46 7.74327229417
47 7.75388583214
48 7.75180989816
49 7.74981834693
50 7.75280457358
51 7.76479554872
52 7.7702140755
53 7.77079244156
54 7.76895291395
55 7.7671917353
56 7.78458935078
57 7.79356227634
58 7.80899135758
59 7.81681886037
60 7.82441106328
61 7.82240625407
62 7.8153504399
63 7.85009439561
64 7.84212867574
65 7.84892533516
66 7.86883167334
67 7.89665906815
68 7.90077197801
69 7.91384656374
70 7.9532468919
71 7.98314001106
72 8.03216828702
73 8.06172538761
74 8.08290892281
75 8.07903079435
76 8.04443983823
77 8.02288763744
78 8.02134050406
79 8.02318531211
80 7.955817817834
81 8.007888632034
82 8.059959446234
83 8.112030260434
84 8.164101074634
85 8.20044966512
86 8.19429002112
87 8.18813037712
88 8.18197073312
89 8.17581108912
90 8.169734041306
91 8.163880309106
92 8.158026576906
93 8.152172844706
94 8.146319112506
95 8.146154630064
96 8.161372193264
97 8.176589756464
98 8.191807319664
99 8.207024882864
100 8.226189476866
101 8.256025672666
102 8.285861868466
103 8.315698064266
104 8.345534260066
105 8.360839851718
106 8.336858995118
107 8.312878138518
108 8.288897281918
109 8.264916425318
110 8.243329902474
111 8.228216948674
112 8.213103994874
113 8.197991041074
114 8.182878087274
115 8.173883684096
116 8.181432028896
117 8.188980373696
118 8.196528718496
119 8.204077063296
120 8.211935029732
121 8.220630121332
122 8.229325212932
123 8.238020304532
124 8.246715396132
125 8.259616194626
126 8.283887978426
127 8.308159762226
128 8.332431546026
129 8.356703329826
130 8.374421732
131 8.374421732
132 8.374421732
133 8.374421732
134 8.374421732
135 8.377337787782
136 8.388137994382
137 8.398938200982
138 8.409738407582
139 8.420538614182
140 8.432423747094
141 8.447242199294
142 8.462060651494
143 8.476879103694
144 8.491697555894
145 8.498582987866
146 8.484019883666
147 8.469456779466
148 8.454893675266
149 8.440330571066
150 8.430694552119
151 8.434379911819
152 8.438065271519
153 8.441750631219
154 8.445435990919
155 8.449121350619
156 8.452806710319
157 8.456492070019
158 8.460177429719
159 8.463862789419
160 8.467186947142
161 8.469534521742
162 8.471882096342
163 8.474229670942
164 8.476577245542
165 8.478924820142
166 8.481272394742
167 8.483619969342
168 8.485967543942
169 8.488315118542
170 8.48841512604
171 8.48243837804
172 8.47646163004
173 8.47048488204
174 8.46450813404
175 8.45853138604
176 8.45255463804
177 8.44657789004
178 8.44060114204
179 8.43462439404
180 8.431549628153
181 8.436320962053
182 8.441092295953
183 8.445863629853
184 8.450634963753
185 8.455406297653
186 8.460177631553
187 8.464948965453
188 8.469720299353
189 8.474491633253
190 8.478706412589
191 8.481416433289
192 8.484126453989
193 8.486836474689
194 8.489546495389
195 8.492256516089
196 8.494966536789
197 8.497676557489
198 8.500386578189
199 8.503096598889
200 8.508175014886
201 8.51965687001933
202 8.53113872515267
203 8.542620580286
204 8.55410243541933
205 8.56558429055267
206 8.577066145686
207 8.58854800081933
208 8.60002985595267
209 8.611511711086
210 8.62299356621933
211 8.63447542135267
212 8.645957276486
213 8.65743913161933
214 8.66892098675267
215 8.680402841886
216 8.69188469701933
217 8.70336655215267
218 8.714848407286
219 8.72633026241933
220 8.73781211755267
221 8.749293972686
222 8.76077582781933
223 8.77225768295267
224 8.783739538086
225 8.79522139321933
226 8.80670324835267
227 8.818185103486
228 8.82966695861933
229 8.84114881375267
230 8.849530568
231 8.849530568
232 8.849530568
233 8.849530568
234 8.849530568
235 8.849530568
236 8.849530568
237 8.849530568
238 8.849530568
239 8.849530568
240 8.849530568
241 8.849530568
242 8.849530568
243 8.849530568
244 8.849530568
245 8.849530568
246 8.849530568
247 8.849530568
248 8.849530568
249 8.849530568
250 8.849530568
251 8.849530568
252 8.849530568
253 8.849530568
254 8.849530568
255 8.849530568
256 8.849530568
257 8.849530568
258 8.849530568
259 8.849530568
260 8.849142046649
261 8.84770307868233
262 8.84626411071567
263 8.844825142749
264 8.84338617478233
265 8.84194720681567
266 8.840508238849
267 8.83906927088233
268 8.83763030291567
269 8.836191334949
270 8.83475236698233
271 8.83331339901567
272 8.831874431049
273 8.83043546308233
274 8.82899649511567
275 8.827557527149
276 8.82611855918233
277 8.82467959121567
278 8.823240623249
279 8.82180165528233
280 8.82036268731567
281 8.818923719349
282 8.81748475138233
283 8.81604578341567
284 8.814606815449
285 8.81316784748233
286 8.81172887951567
287 8.810289911549
288 8.80885094358233
289 8.80741197561567
290 8.808564232686
291 8.816722394486
292 8.824880556286
293 8.833038718086
294 8.841196879886
295 8.849355041686
296 8.857513203486
297 8.865671365286
298 8.873829527086
299 8.881987688886
300 8.890145850686
301 8.898304012486
302 8.906462174286
303 8.914620336086
304 8.922778497886
305 8.930936659686
306 8.939094821486
307 8.947252983286
308 8.955411145086
309 8.963569306886
310 8.971727468686
311 8.979885630486
312 8.988043792286
313 8.996201954086
314 9.004360115886
315 9.012518277686
316 9.020676439486
317 9.028834601286
318 9.036992763086
319 9.045150924886
320 9.048086173107
321 9.03690021054033
322 9.02571424797367
323 9.014528285407
324 9.00334232284033
325 8.99215636027367
326 8.980970397707
327 8.96978443514033
328 8.95859847257367
329 8.947412510007
330 8.93622654744033
331 8.92504058487367
332 8.913854622307
333 8.90266865974033
334 8.89148269717367
335 8.880296734607
336 8.86911077204033
337 8.85792480947367
338 8.846738846907
339 8.83555288434033
340 8.82436692177367
341 8.813180959207
342 8.80199499664033
343 8.79080903407367
344 8.779623071507
345 8.76843710894033
346 8.75725114637367
347 8.746065183807
348 8.73487922124033
349 8.72369325867367
350 8.71649028883
351 8.72005615116333
352 8.72362201349667
353 8.72718787583
354 8.73075373816333
355 8.73431960049667
356 8.73788546283
357 8.74145132516333
358 8.74501718749667
359 8.74858304983
360 8.75214891216333
361 8.75571477449667
362 8.75928063683
363 8.76284649916333
364 8.76641236149667
365 8.76997822383
366 8.77354408616333
367 8.77710994849667
368 8.78067581083
369 8.78424167316333
370 8.78780753549667
371 8.79137339783
372 8.79493926016333
373 8.79850512249667
374 8.80207098483
375 8.80563684716333
376 8.80920270949667
377 8.81276857183
378 8.81633443416333
379 8.81990029649667
380 8.820380257253
381 8.81251685448633
382 8.80465345171967
383 8.796790048953
384 8.78892664618633
385 8.78106324341967
386 8.773199840653
387 8.76533643788633
388 8.75747303511967
389 8.749609632353
390 8.74174622958633
391 8.73388282681967
392 8.726019424053
393 8.71815602128633
394 8.71029261851967
395 8.702429215753
396 8.69456581298634
397 8.68670241021967
398 8.678839007453
399 8.67097560468634
400 8.66311220191967
401 8.655248799153
402 8.64738539638634
403 8.63952199361967
404 8.631658590853
405 8.62379518808634
406 8.61593178531967
407 8.608068382553
408 8.60020497978634
409 8.59234157701967
410 8.586122089062
411 8.584347259662
412 8.582572430262
413 8.580797600862
414 8.579022771462
415 8.577247942062
416 8.575473112662
417 8.573698283262
418 8.571923453862
419 8.570148624462
420 8.568373795062
421 8.566598965662
422 8.564824136262
423 8.563049306862
424 8.561274477462
425 8.559499648062
426 8.557724818662
427 8.555949989262
428 8.554175159862
429 8.552400330462
430 8.550625501062
431 8.548850671662
432 8.547075842262
433 8.545301012862
434 8.543526183462
435 8.541751354062
436 8.539976524662
437 8.538201695262
438 8.536426865862
439 8.534652036462
440 8.533356411
441 8.533356411
442 8.533356411
443 8.533356411
444 8.533356411
445 8.533356411
446 8.533356411
447 8.533356411
448 8.533356411
449 8.533356411
450 8.533356411
451 8.533356411
452 8.533356411
453 8.533356411
454 8.533356411
455 8.533356411
456 8.533356411
457 8.533356411
458 8.533356411
459 8.533356411
460 8.533356411
461 8.533356411
462 8.533356411
463 8.533356411
464 8.533356411
465 8.533356411
466 8.533356411
467 8.533356411
468 8.533356411
469 8.533356411
470 8.53551496148267
471 8.54322407034933
472 8.550933179216
473 8.55864228808267
474 8.56635139694933
475 8.574060505816
476 8.58176961468267
477 8.58947872354933
478 8.597187832416
479 8.60489694128267
480 8.61260605014933
481 8.620315159016
482 8.62802426788267
483 8.63573337674933
484 8.643442485616
485 8.65115159448267
486 8.65886070334933
487 8.666569812216
488 8.67427892108267
489 8.68198802994933
490 8.689697138816
491 8.69740624768267
492 8.70511535654933
493 8.712824465416
494 8.72053357428267
495 8.72824268314933
496 8.735951792016
497 8.74366090088267
498 8.75137000974933
499 8.759079118616
500 8.764629677
501 8.764629677
502 8.764629677
503 8.764629677
504 8.764629677
505 8.764629677
506 8.764629677
507 8.764629677
508 8.764629677
509 8.764629677
510 8.764629677
511 8.764629677
512 8.764629677
513 8.764629677
514 8.764629677
515 8.764629677
516 8.764629677
517 8.764629677
518 8.764629677
519 8.764629677
520 8.764629677
521 8.764629677
522 8.764629677
523 8.764629677
524 8.764629677
525 8.764629677
526 8.764629677
527 8.764629677
528 8.764629677
529 8.764629677
530 8.76303778533733
531 8.75735245797067
532 8.751667130604
533 8.74598180323733
534 8.74029647587067
535 8.734611148504
536 8.72892582113733
537 8.72324049377067
538 8.717555166404
539 8.71186983903733
540 8.70618451167067
541 8.700499184304
542 8.69481385693733
543 8.68912852957067
544 8.683443202204
545 8.67775787483733
546 8.67207254747067
547 8.666387220104
548 8.66070189273733
549 8.65501656537067
550 8.649331238004
551 8.64364591063733
552 8.63796058327067
553 8.632275255904
554 8.62658992853733
555 8.62090460117067
556 8.615219273804
557 8.60953394643733
558 8.60384861907067
559 8.598163291704
560 8.594255543852
561 8.594918714752
562 8.595581885652
563 8.596245056552
564 8.596908227452
565 8.597571398352
566 8.598234569252
567 8.598897740152
568 8.599560911052
569 8.600224081952
570 8.600887252852
571 8.601550423752
572 8.602213594652
573 8.602876765552
574 8.603539936452
575 8.604203107352
576 8.604866278252
577 8.605529449152
578 8.606192620052
579 8.606855790952
580 8.607518961852
581 8.608182132752
582 8.608845303652
583 8.609508474552
584 8.610171645452
585 8.610834816352
586 8.611497987252
587 8.612161158152
588 8.612824329052
589 8.613487499952
590 8.61319056766133
591 8.61042479859467
592 8.607659029528
593 8.60489326046133
594 8.60212749139467
595 8.599361722328
596 8.59659595326133
597 8.59383018419467
598 8.591064415128
599 8.58829864606133
600 8.58553287699467
601 8.582767107928
602 8.58000133886133
603 8.57723556979467
604 8.574469800728
605 8.57170403166133
606 8.56893826259467
607 8.566172493528
608 8.56340672446133
609 8.56064095539467
610 8.557875186328
611 8.55510941726133
612 8.55234364819467
613 8.549577879128
614 8.54681211006133
615 8.54404634099467
616 8.541280571928
617 8.53851480286133
618 8.53574903379467
619 8.532983264728
620 8.53032175248533
621 8.52792832921867
622 8.525534905952
623 8.52314148268533
624 8.52074805941867
625 8.518354636152
626 8.51596121288533
627 8.51356778961867
628 8.511174366352
629 8.50878094308533
630 8.50638751981867
631 8.503994096552
632 8.50160067328533
633 8.49920725001867
634 8.496813826752
635 8.49442040348533
636 8.49202698021867
637 8.489633556952
638 8.48724013368533
639 8.48484671041867
640 8.482453287152
641 8.48005986388533
642 8.47766644061867
643 8.475273017352
644 8.47287959408533
645 8.47048617081867
646 8.468092747552
647 8.46569932428533
648 8.46330590101867
649 8.460912477752
650 8.458497666228
651 8.456027856328
652 8.453558046428
653 8.451088236528
654 8.448618426628
655 8.446148616728
656 8.443678806828
657 8.441208996928
658 8.438739187028
659 8.436269377128
660 8.433799567228
661 8.431329757328
662 8.428859947428
663 8.426390137528
664 8.423920327628
665 8.421450517728
666 8.418980707828
667 8.416510897928
668 8.414041088028
669 8.411571278128
670 8.409101468228
671 8.406631658328
672 8.404161848428
673 8.401692038528
674 8.399222228628
675 8.396752418728
676 8.394282608828
677 8.391812798928
678 8.389342989028
679 8.386873179128
680 8.38506183340267
681 8.38494368126933
682 8.384825529136
683 8.38470737700267
684 8.38458922486933
685 8.384471072736
686 8.38435292060267
687 8.38423476846933
688 8.384116616336
689 8.38399846420267
690 8.38388031206933
691 8.383762159936
692 8.38364400780267
693 8.38352585566933
694 8.383407703536
695 8.38328955140267
696 8.38317139926933
697 8.383053247136
698 8.38293509500267
699 8.38281694286933
700 8.382698790736
701 8.38258063860267
702 8.38246248646933
703 8.382344334336
704 8.38222618220267
705 8.38210803006933
706 8.381989877936
707 8.38187172580267
708 8.38175357366933
709 8.381635421536
710 8.38179275711867
711 8.38265848968533
712 8.383524222252
713 8.38438995481867
714 8.38525568738533
715 8.386121419952
716 8.38698715251867
717 8.38785288508533
718 8.388718617652
719 8.38958435021867
720 8.39045008278533
721 8.391315815352
722 8.39218154791867
723 8.39304728048533
724 8.393913013052
725 8.39477874561867
726 8.39564447818533
727 8.396510210752
728 8.39737594331867
729 8.39824167588533
730 8.399107408452
731 8.39997314101867
732 8.40083887358533
733 8.401704606152
734 8.40257033871867
735 8.40343607128533
736 8.404301803852
737 8.40516753641867
738 8.40603326898533
739 8.406899001552
740 8.406956977864
741 8.404937866664
742 8.402918755464
743 8.400899644264
744 8.398880533064
745 8.396861421864
746 8.394842310664
747 8.392823199464
748 8.390804088264
749 8.388784977064
750 8.386765865864
751 8.384746754664
752 8.382727643464
753 8.380708532264
754 8.378689421064
755 8.376670309864
756 8.374651198664
757 8.372632087464
758 8.370612976264
759 8.368593865064
760 8.366574753864
761 8.364555642664
762 8.362536531464
763 8.360517420264
764 8.358498309064
765 8.356479197864
766 8.354460086664
767 8.352440975464
768 8.350421864264
769 8.348402753064
770 8.34659017222533
771 8.34530866945867
772 8.344027166692
773 8.34274566392533
774 8.34146416115867
775 8.340182658392
776 8.33890115562533
777 8.33761965285867
778 8.336338150092
779 8.33505664732533
780 8.33377514455867
781 8.332493641792
782 8.33121213902533
783 8.32993063625867
784 8.328649133492
785 8.32736763072533
786 8.32608612795867
787 8.324804625192
788 8.32352312242533
789 8.32224161965867
790 8.320960116892
791 8.31967861412533
792 8.31839711135867
793 8.317115608592
794 8.31583410582533
795 8.31455260305867
796 8.313271100292
797 8.31198959752533
798 8.31070809475867
799 8.309426591992
800 8.30833198019067
801 8.30771794515733
802 8.307103910124
803 8.30648987509067
804 8.30587584005733
805 8.305261805024
806 8.30464776999067
807 8.30403373495733
808 8.303419699924
809 8.30280566489067
810 8.30219162985733
811 8.301577594824
812 8.30096355979067
813 8.30034952475733
814 8.299735489724
815 8.29912145469067
816 8.29850741965733
817 8.297893384624
818 8.29727934959067
819 8.29666531455733
820 8.296051279524
821 8.29543724449067
822 8.29482320945733
823 8.294209174424
824 8.29359513939067
825 8.29298110435733
826 8.292367069324
827 8.29175303429067
828 8.29113899925733
829 8.290524964224
830 8.290160601616
831 8.290438253816
832 8.290715906016
833 8.290993558216
834 8.291271210416
835 8.291548862616
836 8.291826514816
837 8.292104167016
838 8.292381819216
839 8.292659471416
840 8.292937123616
841 8.293214775816
842 8.293492428016
843 8.293770080216
844 8.294047732416
845 8.294325384616
846 8.294603036816
847 8.294880689016
848 8.295158341216
849 8.295435993416
850 8.295713645616
851 8.295991297816
852 8.296268950016
853 8.296546602216
854 8.296824254416
855 8.297101906616
856 8.297379558816
857 8.297657211016
858 8.297934863216
859 8.298212515416
860 8.29796357677733
861 8.29636054741067
862 8.294757518044
863 8.29315448867733
864 8.29155145931067
865 8.289948429944
866 8.28834540057733
867 8.28674237121067
868 8.285139341844
869 8.28353631247733
870 8.28193328311067
871 8.280330253744
872 8.27872722437733
873 8.27712419501067
874 8.275521165644
875 8.27391813627733
876 8.27231510691067
877 8.270712077544
878 8.26910904817733
879 8.26750601881067
880 8.265902989444
881 8.26429996007733
882 8.26269693071067
883 8.261093901344
884 8.25949087197733
885 8.25788784261067
886 8.256284813244
887 8.25468178387733
888 8.25307875451067
889 8.251475725144
890 8.25066493036267
891 8.25189131022933
892 8.253117690096
893 8.25434406996267
894 8.25557044982933
895 8.256796829696
896 8.25802320956267
897 8.25924958942933
898 8.260475969296
899 8.26170234916267
900 8.26292872902933
901 8.264155108896
902 8.26538148876267
903 8.26660786862933
904 8.267834248496
905 8.26906062836267
906 8.27028700822933
907 8.271513388096
908 8.27273976796267
909 8.27396614782933
910 8.275192527696
911 8.27641890756267
912 8.27764528742933
913 8.278871667296
914 8.28009804716267
915 8.28132442702933
916 8.282550806896
917 8.28377718676267
918 8.28500356662933
919 8.286229946496
920 8.287671664376
921 8.289667108576
922 8.291662552776
923 8.293657996976
924 8.295653441176
925 8.297648885376
926 8.299644329576
927 8.301639773776
928 8.303635217976
929 8.305630662176
930 8.307626106376
931 8.309621550576
932 8.311616994776
933 8.313612438976
934 8.315607883176
935 8.317603327376
936 8.319598771576
937 8.321594215776
938 8.323589659976
939 8.325585104176
940 8.327580548376
941 8.329575992576
942 8.331571436776
943 8.333566880976
944 8.335562325176
945 8.337557769376
946 8.339553213576
947 8.341548657776
948 8.343544101976
949 8.345539546176
950 8.34654754205465
951 8.34501638510696
952 8.34348522815928
953 8.3419540712116
954 8.34042291426391
955 8.33889175731623
956 8.33736060036854
957 8.33582944342086
958 8.33429828647318
959 8.33276712952549
960 8.33123597257781
961 8.32970481563012
962 8.32817365868244
963 8.32664250173475
964 8.32511134478707
965 8.32358018783939
966 8.3220490308917
967 8.32051787394402
968 8.31898671699633
969 8.31745556004865
970 8.31592440310097
971 8.31439324615328
972 8.3128620892056
973 8.31133093225791
974 8.30979977531023
975 8.30826861836255
976 8.30673746141486
977 8.30520630446718
978 8.30367514751949
979 8.30214399057181
980 8.301326613008
981 8.302439083408
982 8.303551553808
983 8.304664024208
984 8.305776494608
985 8.306888965008
986 8.308001435408
987 8.309113905808
988 8.310226376208
989 8.311338846608
990 8.312451317008
991 8.313563787408
992 8.314676257808
993 8.315788728208
994 8.316901198608
995 8.318013669008
996 8.319126139408
997 8.320238609808
998 8.321351080208
999 8.322463550608
1000 8.323576021008
1001 8.324688491408
1002 8.325800961808
1003 8.326913432208
1004 8.328025902608
1005 8.329138373008
1006 8.330250843408
1007 8.331363313808
1008 8.332475784208
1009 8.333588254608
1010 8.334209524772
1011 8.33350273503867
1012 8.33279594530533
1013 8.332089155572
1014 8.33138236583867
1015 8.33067557610533
1016 8.329968786372
1017 8.32926199663867
1018 8.32855520690533
1019 8.327848417172
1020 8.32714162743867
1021 8.32643483770533
1022 8.325728047972
1023 8.32502125823867
1024 8.32431446850533
1025 8.323607678772
1026 8.32290088903867
1027 8.32219409930533
1028 8.321487309572
1029 8.32078051983867
1030 8.32007373010533
1031 8.319366940372
1032 8.31866015063867
1033 8.31795336090533
1034 8.317246571172
1035 8.31653978143867
1036 8.31583299170533
1037 8.315126201972
1038 8.31441941223867
1039 8.31371262250533
1040 8.312745161767
1041 8.311072923867
1042 8.309400685967
1043 8.307728448067
1044 8.306056210167
1045 8.304383972267
1046 8.302711734367
1047 8.301039496467
1048 8.299367258567
1049 8.297695020667
1050 8.296022782767
1051 8.294350544867
1052 8.292678306967
1053 8.291006069067
1054 8.289333831167
1055 8.287661593267
1056 8.285989355367
1057 8.284317117467
1058 8.282644879567
1059 8.280972641667
1060 8.279300403767
1061 8.277628165867
1062 8.275955927967
1063 8.274283690067
1064 8.272611452167
1065 8.270939214267
1066 8.269266976367
1067 8.267594738467
1068 8.265922500567
1069 8.264250262667
1070 8.263866546163
1071 8.26696660972967
1072 8.27006667329633
1073 8.273166736863
1074 8.27626680042967
1075 8.27936686399633
1076 8.282466927563
1077 8.28556699112967
1078 8.28866705469633
1079 8.291767118263
1080 8.29486718182967
1081 8.29796724539633
1082 8.301067308963
1083 8.30416737252967
1084 8.30726743609633
1085 8.310367499663
1086 8.31346756322967
1087 8.31656762679633
1088 8.319667690363
1089 8.32276775392967
1090 8.32586781749633
1091 8.328967881063
1092 8.33206794462967
1093 8.33516800819633
1094 8.338268071763
1095 8.34136813532967
1096 8.34446819889633
1097 8.347568262463
1098 8.35066832602967
1099 8.35376838959633
1100 8.355766773639
1101 8.35478654267233
1102 8.35380631170567
1103 8.352826080739
1104 8.35184584977233
1105 8.35086561880567
1106 8.349885387839
1107 8.34890515687233
1108 8.34792492590567
1109 8.346944694939
1110 8.34596446397233
1111 8.34498423300567
1112 8.344004002039
1113 8.34302377107233
1114 8.34204354010567
1115 8.341063309139
1116 8.34008307817233
1117 8.33910284720567
1118 8.338122616239
1119 8.33714238527233
1120 8.33616215430567
1121 8.335181923339
1122 8.33420169237233
1123 8.33322146140567
1124 8.332241230439
1125 8.33126099947233
1126 8.33028076850567
1127 8.329300537539
1128 8.32832030657233
1129 8.32734007560567
1130 8.326773145159
1131 8.327323656859
1132 8.327874168559
1133 8.328424680259
1134 8.328975191959
1135 8.329525703659
1136 8.330076215359
1137 8.330626727059
1138 8.331177238759
1139 8.331727750459
1140 8.332278262159
1141 8.332828773859
1142 8.333379285559
1143 8.333929797259
1144 8.334480308959
1145 8.335030820659
1146 8.335581332359
1147 8.336131844059
1148 8.336682355759
1149 8.337232867459
1150 8.337783379159
1151 8.338333890859
1152 8.338884402559
1153 8.339434914259
1154 8.339985425959
1155 8.340535937659
1156 8.341086449359
1157 8.341636961059
1158 8.342187472759
1159 8.342737984459
1160 8.343139858
1161 8.343139858
1162 8.343139858
1163 8.343139858
1164 8.343139858
1165 8.343139858
1166 8.343139858
1167 8.343139858
1168 8.343139858
1169 8.343139858
1170 8.343139858
1171 8.343139858
1172 8.343139858
1173 8.343139858
1174 8.343139858
1175 8.343139858
1176 8.343139858
1177 8.343139858
1178 8.343139858
1179 8.343139858
1180 8.343139858
1181 8.343139858
1182 8.343139858
1183 8.343139858
1184 8.343139858
1185 8.343139858
1186 8.343139858
1187 8.343139858
1188 8.343139858
1189 8.343139858
1190 8.34387134236
1191 8.34658054369333
1192 8.34928974502667
1193 8.35199894636
1194 8.35470814769333
1195 8.35741734902667
1196 8.36012655036
1197 8.36283575169333
1198 8.36554495302667
1199 8.36825415436
1200 8.37096335569333
1201 8.37367255702667
1202 8.37638175836
1203 8.37909095969333
1204 8.38180016102667
1205 8.38450936236
1206 8.38721856369333
1207 8.38992776502667
1208 8.39263696636
1209 8.39534616769333
1210 8.39805536902667
1211 8.40076457036
1212 8.40347377169333
1213 8.40618297302667
1214 8.40889217436
1215 8.41160137569333
1216 8.41431057702667
1217 8.41701977836
1218 8.41972897969333
1219 8.42243818102667
1220 8.424097137998
1221 8.422916545398
1222 8.421735952798
1223 8.420555360198
1224 8.419374767598
1225 8.418194174998
1226 8.417013582398
1227 8.415832989798
1228 8.414652397198
1229 8.413471804598
1230 8.412291211998
1231 8.411110619398
1232 8.409930026798
1233 8.408749434198
1234 8.407568841598
1235 8.406388248998
1236 8.405207656398
1237 8.404027063798
1238 8.402846471198
1239 8.401665878598
1240 8.400485285998
1241 8.399304693398
1242 8.398124100798
1243 8.396943508198
1244 8.395762915598
1245 8.394582322998
1246 8.393401730398
1247 8.392221137798
1248 8.391040545198
1249 8.389859952598
1250 8.388414989858
1251 8.38625524859133
1252 8.38409550732467
1253 8.381935766058
1254 8.37977602479133
1255 8.37761628352467
1256 8.375456542258
1257 8.37329680099133
1258 8.37113705972467
1259 8.368977318458
1260 8.36681757719133
1261 8.36465783592467
1262 8.362498094658
1263 8.36033835339133
1264 8.35817861212467
1265 8.356018870858
1266 8.35385912959133
1267 8.35169938832467
1268 8.349539647058
1269 8.34737990579133
1270 8.34522016452467
1271 8.343060423258
1272 8.34090068199133
1273 8.33874094072467
1274 8.336581199458
1275 8.33442145819133
1276 8.33226171692467
1277 8.330101975658
1278 8.32794223439133
1279 8.32578249312467
1280 8.324081729979
1281 8.323621907679
1282 8.323162085379
1283 8.322702263079
1284 8.322242440779
1285 8.321782618479
1286 8.321322796179
1287 8.320862973879
1288 8.320403151579
1289 8.319943329279
1290 8.319483506979
1291 8.319023684679
1292 8.318563862379
1293 8.318104040079
1294 8.317644217779
1295 8.317184395479
1296 8.316724573179
1297 8.316264750879
1298 8.315804928579
1299 8.315345106279
1300 8.314885283979
1301 8.314425461679
1302 8.313965639379
1303 8.313505817079
1304 8.313045994779
1305 8.312586172479
1306 8.312126350179
1307 8.311666527879
1308 8.311206705579
1309 8.310746883279
1310 8.310330831318
1311 8.31003312138467
1312 8.30973541145133
1313 8.309437701518
1314 8.30913999158467
1315 8.30884228165133
1316 8.308544571718
1317 8.30824686178467
1318 8.30794915185133
1319 8.307651441918
1320 8.30735373198467
1321 8.30705602205133
1322 8.306758312118
1323 8.30646060218467
1324 8.30616289225133
1325 8.305865182318
1326 8.30556747238467
1327 8.30526976245133
1328 8.304972052518
1329 8.30467434258467
1330 8.30437663265133
1331 8.304078922718
1332 8.30378121278467
1333 8.30348350285133
1334 8.303185792918
1335 8.30288808298467
1336 8.30259037305133
1337 8.302292663118
1338 8.30199495318467
1339 8.30169724325133
1340 8.301379283327
1341 8.301006573427
1342 8.300633863527
1343 8.300261153627
1344 8.299888443727
1345 8.299515733827
1346 8.299143023927
1347 8.298770314027
1348 8.298397604127
1349 8.298024894227
1350 8.297652184327
1351 8.297279474427
1352 8.296906764527
1353 8.296534054627
1354 8.296161344727
1355 8.295788634827
1356 8.295415924927
1357 8.295043215027
1358 8.294670505127
1359 8.294297795227
1360 8.293925085327
1361 8.293552375427
1362 8.293179665527
1363 8.292806955627
1364 8.292434245727
1365 8.292061535827
1366 8.291688825927
1367 8.291316116027
1368 8.290943406127
1369 8.290570696227
1370 8.290459648844
1371 8.29105605937733
1372 8.29165246991067
1373 8.292248880444
1374 8.29284529097733
1375 8.29344170151067
1376 8.294038112044
1377 8.29463452257733
1378 8.29523093311067
1379 8.295827343644
1380 8.29642375417733
1381 8.29702016471067
1382 8.297616575244
1383 8.29821298577733
1384 8.29880939631067
1385 8.299405806844
1386 8.30000221737733
1387 8.30059862791067
1388 8.301195038444
1389 8.30179144897733
1390 8.30238785951067
1391 8.302984270044
1392 8.30358068057733
1393 8.30417709111067
1394 8.304773501644
1395 8.30536991217733
1396 8.30596632271067
1397 8.306562733244
1398 8.30715914377733
1399 8.30775555431067
1400 8.308434803796
1401 8.30933802526267
1402 8.31024124672933
1403 8.311144468196
1404 8.31204768966267
1405 8.31295091112933
1406 8.313854132596
1407 8.31475735406267
1408 8.31566057552933
1409 8.316563796996
1410 8.31746701846267
1411 8.31837023992933
1412 8.319273461396
1413 8.32017668286267
1414 8.32107990432933
1415 8.321983125796
1416 8.32288634726267
1417 8.32378956872933
1418 8.324692790196
1419 8.32559601166267
1420 8.32649923312933
1421 8.327402454596
1422 8.32830567606267
1423 8.32920889752933
1424 8.330112118996
1425 8.33101534046267
1426 8.33191856192933
1427 8.332821783396
1428 8.33372500486267
1429 8.33462822632933
1430 8.334977047913
1431 8.33382693647967
1432 8.33267682504633
1433 8.331526713613
1434 8.33037660217967
1435 8.32922649074633
1436 8.328076379313
1437 8.32692626787967
1438 8.32577615644633
1439 8.324626045013
1440 8.32347593357967
1441 8.32232582214633
1442 8.321175710713
1443 8.32002559927967
1444 8.31887548784633
1445 8.317725376413
1446 8.31657526497967
1447 8.31542515354633
1448 8.314275042113
1449 8.31312493067967
1450 8.31197481924633
1451 8.310824707813
1452 8.30967459637967
1453 8.30852448494633
1454 8.307374373513
1455 8.30622426207967
1456 8.30507415064633
1457 8.303924039213
1458 8.30277392777967
1459 8.30162381634633
1460 8.300706311614
1461 8.30041770648067
1462 8.30012910134733
1463 8.299840496214
1464 8.29955189108067
1465 8.29926328594733
1466 8.298974680814
1467 8.29868607568067
1468 8.29839747054733
1469 8.298108865414
1470 8.29782026028067
1471 8.29753165514733
1472 8.297243050014
1473 8.29695444488067
1474 8.29666583974733
1475 8.296377234614
1476 8.29608862948067
1477 8.29580002434733
1478 8.295511419214
1479 8.29522281408067
1480 8.29493420894733
1481 8.294645603814
1482 8.29435699868067
1483 8.29406839354733
1484 8.293779788414
1485 8.29349118328067
1486 8.29320257814733
1487 8.292913973014
1488 8.29262536788067
1489 8.29233676274733
1490 8.291591632578
1491 8.289612193978
1492 8.287632755378
1493 8.285653316778
1494 8.283673878178
1495 8.281694439578
1496 8.279715000978
1497 8.277735562378
1498 8.275756123778
1499 8.273776685178
1500 8.271797246578
1501 8.269817807978
1502 8.267838369378
1503 8.265858930778
1504 8.263879492178
1505 8.261900053578
1506 8.259920614978
1507 8.257941176378
1508 8.255961737778
1509 8.253982299178
1510 8.252002860578
1511 8.250023421978
1512 8.248043983378
1513 8.246064544778
1514 8.244085106178
1515 8.242105667578
1516 8.240126228978
1517 8.238146790378
1518 8.236167351778
1519 8.234187913178
1520 8.233184182605
1521 8.23481847743833
1522 8.23645277227167
1523 8.238087067105
1524 8.23972136193833
1525 8.24135565677167
1526 8.242989951605
1527 8.24462424643833
1528 8.24625854127167
1529 8.247892836105
1530 8.24952713093833
1531 8.25116142577167
1532 8.252795720605
1533 8.25443001543833
1534 8.25606431027167
1535 8.257698605105
1536 8.25933289993833
1537 8.26096719477167
1538 8.262601489605
1539 8.26423578443833
1540 8.26587007927167
1541 8.267504374105
1542 8.26913866893833
1543 8.27077296377167
1544 8.272407258605
1545 8.27404155343833
1546 8.27567584827167
1547 8.277310143105
1548 8.27894443793833
1549 8.28057873277167
1550 8.281607278834
1551 8.28099805970067
1552 8.28038884056733
1553 8.279779621434
1554 8.27917040230067
1555 8.27856118316733
1556 8.277951964034
1557 8.27734274490067
1558 8.27673352576733
1559 8.276124306634
1560 8.27551508750067
1561 8.27490586836733
1562 8.274296649234
1563 8.27368743010067
1564 8.27307821096733
1565 8.272468991834
1566 8.27185977270067
1567 8.27125055356733
1568 8.270641334434
1569 8.27003211530067
1570 8.26942289616733
1571 8.268813677034
1572 8.26820445790067
1573 8.26759523876733
1574 8.266986019634
1575 8.26637680050067
1576 8.26576758136733
1577 8.265158362234
1578 8.26454914310067
1579 8.26393992396733
1580 8.263615700697
1581 8.264062021797
1582 8.264508342897
1583 8.264954663997
1584 8.265400985097
1585 8.265847306197
1586 8.266293627297
1587 8.266739948397
1588 8.267186269497
1589 8.267632590597
1590 8.268078911697
1591 8.268525232797
1592 8.268971553897
1593 8.269417874997
1594 8.269864196097
1595 8.270310517197
1596 8.270756838297
1597 8.271203159397
1598 8.271649480497
1599 8.272095801597
1600 8.272542122697
1601 8.272988443797
1602 8.273434764897
1603 8.273881085997
1604 8.274327407097
1605 8.274773728197
1606 8.275220049297
1607 8.275666370397
1608 8.276112691497
1609 8.276559012597
1610 8.277425617083
1611 8.27942854331633
1612 8.28143146954967
1613 8.283434395783
1614 8.28543732201633
1615 8.28744024824967
1616 8.289443174483
1617 8.29144610071633
1618 8.29344902694967
1619 8.295451953183
1620 8.29745487941633
1621 8.29945780564967
1622 8.301460731883
1623 8.30346365811633
1624 8.30546658434967
1625 8.307469510583
1626 8.30947243681633
1627 8.31147536304967
1628 8.313478289283
1629 8.31548121551633
1630 8.31748414174967
1631 8.319487067983
1632 8.32148999421633
1633 8.32349292044967
1634 8.325495846683
1635 8.32749877291633
1636 8.32950169914967
1637 8.331504625383
1638 8.33350755161633
1639 8.33551047784967
1640 8.336313746005
1641 8.33387349417167
1642 8.33143324233833
1643 8.328992990505
1644 8.32655273867167
1645 8.32411248683833
1646 8.321672235005
1647 8.31923198317167
1648 8.31679173133833
1649 8.314351479505
1650 8.31191122767167
1651 8.30947097583833
1652 8.307030724005
1653 8.30459047217167
1654 8.30215022033833
1655 8.299709968505
1656 8.29726971667167
1657 8.29482946483833
1658 8.292389213005
1659 8.28994896117167
1660 8.28750870933833
1661 8.285068457505
1662 8.28262820567167
1663 8.28018795383833
1664 8.277747702005
1665 8.27530745017167
1666 8.27286719833833
1667 8.270426946505
1668 8.26798669467167
1669 8.26554644283833
1670 8.263342501872
1671 8.261777475472
1672 8.260212449072
1673 8.258647422672
1674 8.257082396272
1675 8.255517369872
1676 8.253952343472
1677 8.252387317072
1678 8.250822290672
1679 8.249257264272
1680 8.247692237872
1681 8.246127211472
1682 8.244562185072
1683 8.242997158672
1684 8.241432132272
1685 8.239867105872
1686 8.238302079472
1687 8.236737053072
1688 8.235172026672
1689 8.233607000272
1690 8.232041973872
1691 8.230476947472
1692 8.228911921072
1693 8.227346894672
1694 8.225781868272
1695 8.224216841872
1696 8.222651815472
1697 8.221086789072
1698 8.219521762672
1699 8.217956736272
1700 8.216862616791
1701 8.217041690091
1702 8.217220763391
1703 8.217399836691
1704 8.217578909991
1705 8.217757983291
1706 8.217937056591
1707 8.218116129891
1708 8.218295203191
1709 8.218474276491
1710 8.218653349791
1711 8.218832423091
1712 8.219011496391
1713 8.219190569691
1714 8.219369642991
1715 8.219548716291
1716 8.219727789591
1717 8.219906862891
1718 8.220085936191
1719 8.220265009491
1720 8.220444082791
1721 8.220623156091
1722 8.220802229391
1723 8.220981302691
1724 8.221160375991
1725 8.221339449291
1726 8.221518522591
1727 8.221697595891
1728 8.221876669191
1729 8.222055742491
1730 8.222959405134
1731 8.22582214266733
1732 8.22868488020067
1733 8.231547617734
1734 8.23441035526733
1735 8.23727309280067
1736 8.240135830334
1737 8.24299856786733
1738 8.24586130540067
1739 8.248724042934
1740 8.25158678046733
1741 8.25444951800067
1742 8.257312255534
1743 8.26017499306733
1744 8.26303773060067
1745 8.265900468134
1746 8.26876320566733
1747 8.27162594320067
1748 8.274488680734
1749 8.27735141826733
1750 8.28021415580067
1751 8.283076893334
1752 8.28593963086733
1753 8.28880236840067
1754 8.291665105934
1755 8.29452784346733
1756 8.29739058100067
1757 8.300253318534
1758 8.30311605606733
1759 8.30597879360067
1760 8.308068592
1761 8.308068592
1762 8.308068592
1763 8.308068592
1764 8.308068592
1765 8.308068592
1766 8.308068592
1767 8.308068592
1768 8.308068592
1769 8.308068592
1770 8.308068592
1771 8.308068592
1772 8.308068592
1773 8.308068592
1774 8.308068592
1775 8.308068592
1776 8.308068592
1777 8.308068592
1778 8.308068592
1779 8.308068592
1780 8.308068592
1781 8.308068592
1782 8.308068592
1783 8.308068592
1784 8.308068592
1785 8.308068592
1786 8.308068592
1787 8.308068592
1788 8.308068592
1789 8.308068592
1790 8.307615973045
1791 8.305939606545
1792 8.304263240045
1793 8.302586873545
1794 8.300910507045
1795 8.299234140545
1796 8.297557774045
1797 8.295881407545
1798 8.294205041045
1799 8.292528674545
1800 8.290852308045
1801 8.289175941545
1802 8.287499575045
1803 8.285823208545
1804 8.284146842045
1805 8.282470475545
1806 8.280794109045
1807 8.279117742545
1808 8.277441376045
1809 8.275765009545
1810 8.274088643045
1811 8.272412276545
1812 8.270735910045
1813 8.269059543545
1814 8.267383177045
1815 8.265706810545
1816 8.264030444045
1817 8.262354077545
1818 8.260677711045
1819 8.259001344545
1820 8.25779275012
1821 8.25784887278667
1822 8.25790499545333
1823 8.25796111812
1824 8.25801724078667
1825 8.25807336345333
1826 8.25812948612
1827 8.25818560878667
1828 8.25824173145333
1829 8.25829785412
1830 8.25835397678667
1831 8.25841009945333
1832 8.25846622212
1833 8.25852234478667
1834 8.25857846745333
1835 8.25863459012
1836 8.25869071278667
1837 8.25874683545333
1838 8.25880295812
1839 8.25885908078667
1840 8.25891520345333
1841 8.25897132612
1842 8.25902744878667
1843 8.25908357145333
1844 8.25913969412
1845 8.25919581678667
1846 8.25925193945333
1847 8.25930806212
1848 8.25936418478667
1849 8.25942030745333
1850 8.258791537167
1851 8.256311019267
1852 8.253830501367
1853 8.251349983467
1854 8.248869465567
1855 8.246388947667
1856 8.243908429767
1857 8.241427911867
1858 8.238947393967
1859 8.236466876067
1860 8.233986358167
1861 8.231505840267
1862 8.229025322367
1863 8.226544804467
1864 8.224064286567
1865 8.221583768667
1866 8.219103250767
1867 8.216622732867
1868 8.214142214967
1869 8.211661697067
1870 8.209181179167
1871 8.206700661267
1872 8.204220143367
1873 8.201739625467
1874 8.199259107567
1875 8.196778589667
1876 8.194298071767
1877 8.191817553867
1878 8.189337035967
1879 8.186856518067
1880 8.18501143587
1881 8.18488438353667
1882 8.18475733120333
1883 8.18463027887
1884 8.18450322653667
1885 8.18437617420333
1886 8.18424912187
1887 8.18412206953667
1888 8.18399501720333
1889 8.18386796487
1890 8.18374091253667
1891 8.18361386020333
1892 8.18348680787
1893 8.18335975553667
1894 8.18323270320333
1895 8.18310565087
1896 8.18297859853667
1897 8.18285154620333
1898 8.18272449387
1899 8.18259744153667
1900 8.18247038920333
1901 8.18234333687
1902 8.18221628453667
1903 8.18208923220333
1904 8.18196217987
1905 8.18183512753667
1906 8.18170807520333
1907 8.18158102287
1908 8.18145397053667
1909 8.18132691820333
1910 8.180375240708
1911 8.177194021108
1912 8.174012801508
1913 8.170831581908
1914 8.167650362308
1915 8.164469142708
1916 8.161287923108
1917 8.158106703508
1918 8.154925483908
1919 8.151744264308
1920 8.148563044708
1921 8.145381825108
1922 8.142200605508
1923 8.139019385908
1924 8.135838166308
1925 8.132656946708
1926 8.129475727108
1927 8.126294507508
1928 8.123113287908
1929 8.119932068308
1930 8.116750848708
1931 8.113569629108
1932 8.110388409508
1933 8.107207189908
1934 8.104025970308
1935 8.100844750708
1936 8.097663531108
1937 8.094482311508
1938 8.091301091908
1939 8.088119872308
1940 8.085614256887
1941 8.084935274987
1942 8.084256293087
1943 8.083577311187
1944 8.082898329287
1945 8.082219347387
1946 8.081540365487
1947 8.080861383587
1948 8.080182401687
1949 8.079503419787
1950 8.078824437887
1951 8.078145455987
1952 8.077466474087
1953 8.076787492187
1954 8.076108510287
1955 8.075429528387
1956 8.074750546487
1957 8.074071564587
1958 8.073392582687
1959 8.072713600787
1960 8.072034618887
1961 8.071355636987
1962 8.070676655087
1963 8.069997673187
1964 8.069318691287
1965 8.068639709387
1966 8.067960727487
1967 8.067281745587
1968 8.066602763687
1969 8.065923781787
1970 8.06591150988029
1971 8.06770182425175
1972 8.06949213862321
1973 8.07128245299467
1974 8.07307276736612
1975 8.07486308173758
1976 8.07665339610904
1977 8.07844371048049
1978 8.08023402485195
1979 8.08202433922341
1980 8.08381465359487
1981 8.08560496796632
1982 8.08739528233778
1983 8.08918559670924
1984 8.09097591108069
1985 8.09276622545215
1986 8.09455653982361
1987 8.09634685419507
1988 8.09813716856652
1989 8.09992748293798
1990 8.10171779730944
1991 8.10350811168089
1992 8.10529842605235
1993 8.10708874042381
1994 8.10887905479527
1995 8.11066936916672
1996 8.11245968353818
1997 8.11424999790964
1998 8.11604031228109
1999 8.11783062665255
2000 8.11889099264267
2001 8.11807434850933
2002 8.117257704376
2003 8.11644106024267
2004 8.11562441610933
2005 8.114807771976
2006 8.11399112784267
2007 8.11317448370933
2008 8.112357839576
2009 8.11154119544267
2010 8.11072455130933
2011 8.109907907176
2012 8.10909126304267
2013 8.10827461890933
2014 8.107457974776
2015 8.10664133064267
2016 8.10582468650933
2017 8.105008042376
2018 8.10419139824267
2019 8.10337475410933
2020 8.102558109976
2021 8.10174146584267
2022 8.10092482170933
2023 8.100108177576
2024 8.09929153344267
2025 8.09847488930933
2026 8.097658245176
2027 8.09684160104267
2028 8.09602495690933
2029 8.095208312776
2030 8.09458825709067
2031 8.09447371455733
2032 8.094359172024
2033 8.09424462949067
2034 8.09413008695733
2035 8.094015544424
2036 8.09390100189067
2037 8.09378645935733
2038 8.093671916824
2039 8.09355737429067
2040 8.09344283175733
2041 8.093328289224
2042 8.09321374669067
2043 8.09309920415733
2044 8.092984661624
2045 8.09287011909067
2046 8.09275557655733
2047 8.092641034024
2048 8.09252649149067
2049 8.09241194895733
2050 8.092297406424
2051 8.09218286389067
2052 8.09206832135733
2053 8.091953778824
2054 8.09183923629067
2055 8.09172469375733
2056 8.091610151224
2057 8.09149560869067
2058 8.09138106615733
2059 8.091266523624
2060 8.09196507229733
2061 8.09475442693067
2062 8.097543781564
2063 8.10033313619733
2064 8.10312249083067
2065 8.105911845464
2066 8.10870120009733
2067 8.11149055473066
2068 8.114279909364
2069 8.11706926399733
2070 8.11985861863067
2071 8.122647973264
2072 8.12543732789733
2073 8.12822668253066
2074 8.131016037164
2075 8.13380539179733
2076 8.13659474643067
2077 8.139384101064
2078 8.14217345569733
2079 8.14496281033067
2080 8.147752164964
2081 8.15054151959733
2082 8.15333087423067
2083 8.156120228864
2084 8.15890958349733
2085 8.16169893813067
2086 8.164488292764
2087 8.16727764739733
2088 8.17006700203066
2089 8.172856356664
2090 8.173882111492
2091 8.170372895392
2092 8.166863679292
2093 8.163354463192
2094 8.159845247092
2095 8.156336030992
2096 8.152826814892
2097 8.149317598792
2098 8.145808382692
2099 8.142299166592
2100 8.138789950492
2101 8.135280734392
2102 8.131771518292
2103 8.128262302192
2104 8.124753086092
2105 8.121243869992
2106 8.117734653892
2107 8.114225437792
2108 8.110716221692
2109 8.107207005592
2110 8.103697789492
2111 8.100188573392
2112 8.096679357292
2113 8.093170141192
2114 8.089660925092
2115 8.086151708992
2116 8.082642492892
2117 8.079133276792
2118 8.075624060692
2119 8.072114844592
2120 8.06940306850133
2121 8.06874185243467
2122 8.068080636368
2123 8.06741942030133
2124 8.06675820423467
2125 8.066096988168
2126 8.06543577210133
2127 8.06477455603467
2128 8.064113339968
2129 8.06345212390133
2130 8.06279090783467
2131 8.062129691768
2132 8.06146847570133
2133 8.06080725963467
2134 8.060146043568
2135 8.05948482750133
2136 8.05882361143467
2137 8.058162395368
2138 8.05750117930133
2139 8.05683996323467
2140 8.056178747168
2141 8.05551753110133
2142 8.05485631503467
2143 8.054195098968
2144 8.05353388290133
2145 8.05287266683467
2146 8.052211450768
2147 8.05155023470133
2148 8.05088901863467
2149 8.050227802568
2150 8.04916343505333
2151 8.04706239238667
2152 8.04496134972
2153 8.04286030705333
2154 8.04075926438667
2155 8.03865822172
2156 8.03655717905333
2157 8.03445613638667
2158 8.03235509372
2159 8.03025405105333
2160 8.02815300838667
2161 8.02605196572
2162 8.02395092305333
2163 8.02184988038667
2164 8.01974883772
2165 8.01764779505333
2166 8.01554675238667
2167 8.01344570972
2168 8.01134466705333
2169 8.00924362438667
2170 8.00714258172
2171 8.00504153905333
2172 8.00294049638667
2173 8.00083945372
2174 7.99873841105333
2175 7.99663736838667
2176 7.99453632572
2177 7.99243528305333
2178 7.99033424038667
2179 7.98823319772
2180 7.986868508704
2181 7.987397300504
2182 7.987926092304
2183 7.988454884104
2184 7.988983675904
2185 7.989512467704
2186 7.990041259504
2187 7.990570051304
2188 7.991098843104
2189 7.991627634904
2190 7.992156426704
2191 7.992685218504
2192 7.993214010304
2193 7.993742802104
2194 7.994271593904
2195 7.994800385704
2196 7.995329177504
2197 7.995857969304
2198 7.996386761104
2199 7.996915552904
2200 7.997444344704
2201 7.997973136504
2202 7.998501928304
2203 7.999030720104
2204 7.999559511904
2205 8.000088303704
2206 8.000617095504
2207 8.001145887304
2208 8.001674679104
2209 8.002203470904
2210 8.00197034453067
2211 7.99977799999733
2212 7.997585655464
2213 7.99539331093067
2214 7.99320096639733
2215 7.991008621864
2216 7.98881627733067
2217 7.98662393279733
2218 7.984431588264
2219 7.98223924373067
2220 7.98004689919733
2221 7.977854554664
2222 7.97566221013067
2223 7.97346986559733
2224 7.971277521064
2225 7.96908517653067
2226 7.96689283199733
2227 7.964700487464
2228 7.96250814293067
2229 7.96031579839733
2230 7.958123453864
2231 7.95593110933067
2232 7.95373876479733
2233 7.951546420264
2234 7.94935407573067
2235 7.94716173119733
2236 7.944969386664
2237 7.94277704213067
2238 7.94058469759733
2239 7.938392353064
2240 7.93659913048
2241 7.93583222148
2242 7.93506531248
2243 7.93429840348
2244 7.93353149448
2245 7.93276458548
2246 7.93199767648
2247 7.93123076748
2248 7.93046385848
2249 7.92969694948
2250 7.92893004048
2251 7.92816313148
2252 7.92739622248
2253 7.92662931348
2254 7.92586240448
2255 7.92509549548
2256 7.92432858648
2257 7.92356167748
2258 7.92279476848
2259 7.92202785948
2260 7.92126095048
2261 7.92049404148
2262 7.91972713248
2263 7.91896022348
2264 7.91819331448
2265 7.91742640548
2266 7.91665949648
2267 7.91589258748
2268 7.91512567848
2269 7.91435876948
2270 7.91335500572667
2271 7.91174218689333
2272 7.91012936806
2273 7.90851654922667
2274 7.90690373039333
2275 7.90529091156
2276 7.90367809272667
2277 7.90206527389333
2278 7.90045245506
2279 7.89883963622667
2280 7.89722681739333
2281 7.89561399856
2282 7.89400117972667
2283 7.89238836089333
2284 7.89077554206
2285 7.88916272322667
2286 7.88754990439333
2287 7.88593708556
2288 7.88432426672667
2289 7.88271144789333
2290 7.88109862906
2291 7.87948581022667
2292 7.87787299139333
2293 7.87626017256
2294 7.87464735372667
2295 7.87303453489333
2296 7.87142171606
2297 7.86980889722667
2298 7.86819607839333
2299 7.86658325956
2300 7.86532392944267
2301 7.86497357030933
2302 7.864623211176
2303 7.86427285204267
2304 7.86392249290933
2305 7.863572133776
2306 7.86322177464267
2307 7.86287141550933
2308 7.862521056376
2309 7.86217069724267
2310 7.86182033810933
2311 7.861469978976
2312 7.86111961984267
2313 7.86076926070933
2314 7.860418901576
2315 7.86006854244267
2316 7.85971818330933
2317 7.859367824176
2318 7.85901746504267
2319 7.85866710590933
2320 7.858316746776
2321 7.85796638764267
2322 7.85761602850933
2323 7.857265669376
2324 7.85691531024267
2325 7.85656495110933
2326 7.856214591976
2327 7.85586423284267
2328 7.85551387370933
2329 7.855163514576
2330 7.85468215340133
2331 7.85386392983467
2332 7.853045706268
2333 7.85222748270133
2334 7.85140925913467
2335 7.850591035568
2336 7.84977281200133
2337 7.84895458843467
2338 7.848136364868
2339 7.84731814130133
2340 7.84649991773467
2341 7.845681694168
2342 7.84486347060133
2343 7.84404524703467
2344 7.843227023468
2345 7.84240879990133
2346 7.84159057633467
2347 7.840772352768
2348 7.83995412920133
2349 7.83913590563467
2350 7.838317682068
2351 7.83749945850133
2352 7.83668123493467
2353 7.835863011368
2354 7.83504478780133
2355 7.83422656423467
2356 7.833408340668
2357 7.83259011710133
2358 7.83177189353467
2359 7.830953669968
2360 7.83018916316
2361 7.82956278516
2362 7.82893640716
2363 7.82831002916
2364 7.82768365116
2365 7.82705727316
2366 7.82643089516
2367 7.82580451716
2368 7.82517813916
2369 7.82455176116
2370 7.82392538316
2371 7.82329900516
2372 7.82267262716
2373 7.82204624916
2374 7.82141987116
2375 7.82079349316
2376 7.82016711516
2377 7.81954073716
2378 7.81891435916
2379 7.81828798116
2380 7.81766160316
2381 7.81703522516
2382 7.81640884716
2383 7.81578246916
2384 7.81515609116
2385 7.81452971316
2386 7.81390333516
2387 7.81327695716
2388 7.81265057916
2389 7.81202420116
2390 7.81170179333467
2391 7.81216102310133
2392 7.812620252868
2393 7.81307948263467
2394 7.81353871240133
2395 7.813997942168
2396 7.81445717193467
2397 7.81491640170133
2398 7.815375631468
2399 7.81583486123467
2400 7.81629409100133
2401 7.816753320768
2402 7.81721255053467
2403 7.81767178030133
2404 7.818131010068
2405 7.81859023983467
2406 7.81904946960133
2407 7.819508699368
2408 7.81996792913467
2409 7.82042715890133
2410 7.820886388668
2411 7.82134561843467
2412 7.82180484820133
2413 7.822264077968
2414 7.82272330773467
2415 7.82318253750133
2416 7.823641767268
2417 7.82410099703467
2418 7.82456022680133
2419 7.825019456568
2420 7.82516823059467
2421 7.82451868986133
2422 7.823869149128
2423 7.82321960839467
2424 7.82257006766133
2425 7.821920526928
2426 7.82127098619467
2427 7.82062144546133
2428 7.819971904728
2429 7.81932236399467
2430 7.81867282326133
2431 7.818023282528
2432 7.81737374179467
2433 7.81672420106133
2434 7.816074660328
2435 7.81542511959467
2436 7.81477557886133
2437 7.814126038128
2438 7.81347649739467
2439 7.81282695666133
2440 7.812177415928
2441 7.81152787519467
2442 7.81087833446133
2443 7.810228793728
2444 7.80957925299467
2445 7.80892971226133
2446 7.808280171528
2447 7.80763063079467
2448 7.80698109006133
2449 7.806331549328
2450 7.805743465272
2451 7.805313412672
2452 7.804883360072
2453 7.804453307472
2454 7.804023254872
2455 7.803593202272
2456 7.803163149672
2457 7.802733097072
2458 7.802303044472
2459 7.801872991872
2460 7.801442939272
2461 7.801012886672
2462 7.800582834072
2463 7.800152781472
2464 7.799722728872
2465 7.799292676272
2466 7.798862623672
2467 7.798432571072
2468 7.798002518472
2469 7.797572465872
2470 7.797142413272
2471 7.796712360672
2472 7.796282308072
2473 7.795852255472
2474 7.795422202872
2475 7.794992150272
2476 7.794562097672
2477 7.794132045072
2478 7.793701992472
2479 7.793271939872
2480 7.792736918632
2481 7.791931978032
2482 7.791127037432
2483 7.790322096832
2484 7.789517156232
2485 7.788712215632
2486 7.787907275032
2487 7.787102334432
2488 7.786297393832
2489 7.785492453232
2490 7.784687512632
2491 7.783882572032
2492 7.783077631432
2493 7.782272690832
2494 7.781467750232
2495 7.780662809632
2496 7.779857869032
2497 7.779052928432
2498 7.778247987832
2499 7.777443047232
2500 7.776638106632
2501 7.775833166032
2502 7.775028225432
2503 7.774223284832
2504 7.773418344232
2505 7.772613403632
2506 7.771808463032
2507 7.771003522432
2508 7.770198581832
2509 7.769393641232
2510 7.76851020054133
2511 7.76742490247467
2512 7.766339604408
2513 7.76525430634133
2514 7.76416900827467
2515 7.763083710208
2516 7.76199841214133
2517 7.76091311407467
2518 7.759827816008
2519 7.75874251794133
2520 7.75765721987467
2521 7.756571921808
2522 7.75548662374133
2523 7.75440132567467
2524 7.753316027608
2525 7.75223072954133
2526 7.75114543147467
2527 7.750060133408
2528 7.74897483534133
2529 7.74788953727467
2530 7.746804239208
2531 7.74571894114133
2532 7.74463364307467
2533 7.743548345008
2534 7.74246304694133
2535 7.74137774887467
2536 7.740292450808
2537 7.73920715274133
2538 7.73812185467467
2539 7.737036556608
2540 7.73582784239067
2541 7.73430177235733
2542 7.732775702324
2543 7.73124963229067
2544 7.72972356225733
2545 7.728197492224
2546 7.72667142219067
2547 7.72514535215733
2548 7.723619282124
2549 7.72209321209067
2550 7.72056714205733
2551 7.719041072024
2552 7.71751500199067
2553 7.71598893195733
2554 7.714462861924
2555 7.71293679189067
2556 7.71141072185733
2557 7.709884651824
2558 7.70835858179067
2559 7.70683251175733
2560 7.705306441724
2561 7.70378037169067
2562 7.70225430165733
2563 7.700728231624
2564 7.69920216159067
2565 7.69767609155733
2566 7.696150021524
2567 7.69462395149067
2568 7.69309788145733
2569 7.691571811424
2570 7.69009656507733
2571 7.68875200821067
2572 7.687407451344
2573 7.68606289447733
2574 7.68471833761067
2575 7.683373780744
2576 7.68202922387733
2577 7.68068466701067
2578 7.679340110144
2579 7.67799555327733
2580 7.67665099641067
2581 7.675306439544
2582 7.67396188267733
2583 7.67261732581067
2584 7.671272768944
2585 7.66992821207733
2586 7.66858365521067
2587 7.667239098344
2588 7.66589454147733
2589 7.66454998461067
2590 7.663205427744
2591 7.66186087087733
2592 7.66051631401067
2593 7.659171757144
2594 7.65782720027733
2595 7.65648264341067
2596 7.655138086544
2597 7.65379352967733
2598 7.65244897281067
2599 7.651104415944
2600 7.649963062264
2601 7.649344231064
2602 7.648725399864
2603 7.648106568664
2604 7.647487737464
2605 7.646868906264
2606 7.646250075064
2607 7.645631243864
2608 7.645012412664
2609 7.644393581464
2610 7.643774750264
2611 7.643155919064
2612 7.642537087864
2613 7.641918256664
2614 7.641299425464
2615 7.640680594264
2616 7.640061763064
2617 7.639442931864
2618 7.638824100664
2619 7.638205269464
2620 7.637586438264
2621 7.636967607064
2622 7.636348775864
2623 7.635729944664
2624 7.635111113464
2625 7.634492282264
2626 7.633873451064
2627 7.633254619864
2628 7.632635788664
2629 7.632016957464
2630 7.631363520168
2631 7.630621095768
2632 7.629878671368
2633 7.629136246968
2634 7.628393822568
2635 7.627651398168
2636 7.626908973768
2637 7.626166549368
2638 7.625424124968
2639 7.624681700568
2640 7.623939276168
2641 7.623196851768
2642 7.622454427368
2643 7.621712002968
2644 7.620969578568
2645 7.620227154168
2646 7.619484729768
2647 7.618742305368
2648 7.617999880968
2649 7.617257456568
2650 7.616515032168
2651 7.615772607768
2652 7.615030183368
2653 7.614287758968
2654 7.613545334568
2655 7.612802910168
2656 7.612060485768
2657 7.611318061368
2658 7.610575636968
2659 7.609833212568
2660 7.60920041618533
2661 7.60884952041867
2662 7.608498624652
2663 7.60814772888533
2664 7.60779683311867
2665 7.607445937352
2666 7.60709504158533
2667 7.60674414581867
2668 7.606393250052
2669 7.60604235428533
2670 7.60569145851867
2671 7.605340562752
2672 7.60498966698533
2673 7.60463877121867
2674 7.604287875452
2675 7.60393697968533
2676 7.60358608391867
2677 7.603235188152
2678 7.60288429238533
2679 7.60253339661867
2680 7.602182500852
2681 7.60183160508533
2682 7.60148070931867
2683 7.601129813552
2684 7.60077891778533
2685 7.60042802201867
2686 7.600077126252
2687 7.59972623048533
2688 7.59937533471867
2689 7.599024438952
2690 7.598600019292
2691 7.597986538192
2692 7.597373057092
2693 7.596759575992
2694 7.596146094892
2695 7.595532613792
2696 7.594919132692
2697 7.594305651592
2698 7.593692170492
2699 7.593078689392
2700 7.592465208292
2701 7.591851727192
2702 7.591238246092
2703 7.590624764992
2704 7.590011283892
2705 7.589397802792
2706 7.588784321692
2707 7.588170840592
2708 7.587557359492
2709 7.586943878392
2710 7.586330397292
2711 7.585716916192
2712 7.585103435092
2713 7.584489953992
2714 7.583876472892
2715 7.583262991792
2716 7.582649510692
2717 7.582036029592
2718 7.581422548492
2719 7.580809067392
2720 7.580027582176
2721 7.578814086376
2722 7.577600590576
2723 7.576387094776
2724 7.575173598976
2725 7.573960103176
2726 7.572746607376
2727 7.571533111576
2728 7.570319615776
2729 7.569106119976
2730 7.567892624176
2731 7.566679128376
2732 7.565465632576
2733 7.564252136776
2734 7.563038640976
2735 7.561825145176
2736 7.560611649376
2737 7.559398153576
2738 7.558184657776
2739 7.556971161976
2740 7.555757666176
2741 7.554544170376
2742 7.553330674576
2743 7.552117178776
2744 7.550903682976
2745 7.549690187176
2746 7.548476691376
2747 7.547263195576
2748 7.546049699776
2749 7.544836203976
2750 7.54397034386533
2751 7.54399840409867
2752 7.544026464332
2753 7.54405452456533
2754 7.54408258479867
2755 7.544110645032
2756 7.54413870526533
2757 7.54416676549867
2758 7.544194825732
2759 7.54422288596533
2760 7.54425094619867
2761 7.544279006432
2762 7.54430706666533
2763 7.54433512689867
2764 7.544363187132
2765 7.54439124736533
2766 7.54441930759867
2767 7.544447367832
2768 7.54447542806533
2769 7.54450348829867
2770 7.544531548532
2771 7.54455960876533
2772 7.54458766899867
2773 7.544615729232
2774 7.54464378946533
2775 7.54467184969867
2776 7.544699909932
2777 7.54472797016533
2778 7.54475603039867
2779 7.544784090632
2780 7.544837200636
2781 7.544954724336
2782 7.545072248036
2783 7.545189771736
2784 7.545307295436
2785 7.545424819136
2786 7.545542342836
2787 7.545659866536
2788 7.545777390236
2789 7.545894913936
2790 7.546012437636
2791 7.546129961336
2792 7.546247485036
2793 7.546365008736
2794 7.546482532436
2795 7.546600056136
2796 7.546717579836
2797 7.546835103536
2798 7.546952627236
2799 7.547070150936
2800 7.547187674636
2801 7.547305198336
2802 7.547422722036
2803 7.547540245736
2804 7.547657769436
2805 7.547775293136
2806 7.547892816836
2807 7.548010340536
2808 7.548127864236
2809 7.548245387936
2810 7.54825231517333
2811 7.54797485150667
2812 7.54769738784
2813 7.54741992417333
2814 7.54714246050667
2815 7.54686499684
2816 7.54658753317333
2817 7.54631006950667
2818 7.54603260584
2819 7.54575514217333
2820 7.54547767850667
2821 7.54520021484
2822 7.54492275117333
2823 7.54464528750667
2824 7.54436782384
2825 7.54409036017333
2826 7.54381289650667
2827 7.54353543284
2828 7.54325796917333
2829 7.54298050550667
2830 7.54270304184
2831 7.54242557817333
2832 7.54214811450667
2833 7.54187065084
2834 7.54159318717333
2835 7.54131572350667
2836 7.54103825984
2837 7.54076079617333
2838 7.54048333250667
2839 7.54020586884
2840 7.53991147554267
2841 7.53957354890933
2842 7.539235622276
2843 7.53889769564267
2844 7.53855976900933
2845 7.538221842376
2846 7.53788391574267
2847 7.53754598910933
2848 7.537208062476
2849 7.53687013584267
2850 7.53653220920933
2851 7.536194282576
2852 7.53585635594267
2853 7.53551842930933
2854 7.535180502676
2855 7.53484257604267
2856 7.53450464940933
2857 7.534166722776
2858 7.53382879614267
2859 7.53349086950933
2860 7.533152942876
2861 7.53281501624267
2862 7.53247708960933
2863 7.532139162976
2864 7.53180123634267
2865 7.53146330970933
2866 7.531125383076
2867 7.53078745644267
2868 7.53044952980933
2869 7.530111603176
2870 7.52996498558133
2871 7.53031030551467
2872 7.530655625448
2873 7.53100094538133
2874 7.53134626531467
2875 7.531691585248
2876 7.53203690518133
2877 7.53238222511467
2878 7.532727545048
2879 7.53307286498133
2880 7.53341818491467
2881 7.533763504848
2882 7.53410882478133
2883 7.53445414471467
2884 7.534799464648
2885 7.53514478458133
2886 7.53549010451467
2887 7.535835424448
2888 7.53618074438133
2889 7.53652606431467
2890 7.536871384248
2891 7.53721670418133
2892 7.53756202411467
2893 7.537907344048
2894 7.53825266398133
2895 7.53859798391467
2896 7.538943303848
2897 7.53928862378133
2898 7.53963394371467
2899 7.539979263648
2900 7.539820543196
2901 7.538365718896
2902 7.536910894596
2903 7.535456070296
2904 7.534001245996
2905 7.532546421696
2906 7.531091597396
2907 7.529636773096
2908 7.528181948796
2909 7.526727124496
2910 7.525272300196
2911 7.523817475896
2912 7.522362651596
2913 7.520907827296
2914 7.519453002996
2915 7.517998178696
2916 7.516543354396
2917 7.515088530096
2918 7.513633705796
2919 7.512178881496
2920 7.510724057196
2921 7.509269232896
2922 7.507814408596
2923 7.506359584296
2924 7.504904759996
2925 7.503449935696
2926 7.501995111396
2927 7.500540287096
2928 7.499085462796
2929 7.497630638496
2930 7.49641372150667
2931 7.49580856617333
2932 7.49520341084
2933 7.49459825550667
2934 7.49399310017333
2935 7.49338794484
2936 7.49278278950667
2937 7.49217763417333
2938 7.49157247884
2939 7.49096732350667
2940 7.49036216817333
2941 7.48975701284
2942 7.48915185750667
2943 7.48854670217333
2944 7.48794154684
2945 7.48733639150667
2946 7.48673123617333
2947 7.48612608084
2948 7.48552092550667
2949 7.48491577017333
2950 7.48431061484
2951 7.48370545950667
2952 7.48310030417333
2953 7.48249514884
2954 7.48188999350667
2955 7.48128483817333
2956 7.48067968284
2957 7.48007452750667
2958 7.47946937217333
2959 7.47886421684
2960 7.47803272874267
2961 7.47661924210933
2962 7.475205755476
2963 7.47379226884267
2964 7.47237878220933
2965 7.470965295576
2966 7.46955180894267
2967 7.46813832230933
2968 7.466724835676
2969 7.46531134904267
2970 7.46389786240933
2971 7.462484375776
2972 7.46107088914267
2973 7.45965740250933
2974 7.458243915876
2975 7.45683042924267
2976 7.45541694260933
2977 7.454003455976
2978 7.45258996934267
2979 7.45117648270933
2980 7.449762996076
2981 7.44834950944267
2982 7.44693602280933
2983 7.445522536176
2984 7.44410904954267
2985 7.44269556290933
2986 7.441282076276
2987 7.43986858964267
2988 7.43845510300933
2989 7.437041616376
2990 7.43569314507067
2991 7.43451185603733
2992 7.433330567004
2993 7.43214927797067
2994 7.43096798893733
2995 7.429786699904
2996 7.42860541087067
2997 7.42742412183733
2998 7.426242832804
2999 7.42506154377067
3000 7.42388025473733
3001 7.422698965704
3002 7.42151767667067
3003 7.42033638763733
3004 7.419155098604
3005 7.41797380957067
3006 7.41679252053733
3007 7.415611231504
3008 7.41442994247067
3009 7.41324865343733
3010 7.412067364404
3011 7.41088607537067
3012 7.40970478633733
3013 7.408523497304
3014 7.40734220827067
3015 7.40616091923733
3016 7.404979630204
3017 7.40379834117067
3018 7.40261705213733
3019 7.401435763104
3020 7.40031616495867
3021 7.39935520052533
3022 7.398394236092
3023 7.39743327165867
3024 7.39647230722533
3025 7.395511342792
3026 7.39455037835867
3027 7.39358941392533
3028 7.392628449492
3029 7.39166748505867
3030 7.39070652062533
3031 7.389745556192
3032 7.38878459175867
3033 7.38782362732533
3034 7.386862662892
3035 7.38590169845867
3036 7.38494073402533
3037 7.383979769592
3038 7.38301880515867
3039 7.38205784072533
3040 7.381096876292
3041 7.38013591185867
3042 7.37917494742533
3043 7.378213982992
3044 7.37725301855867
3045 7.37629205412533
3046 7.375331089692
3047 7.37437012525867
3048 7.37340916082533
3049 7.372448196392
3050 7.37141503302533
3051 7.37019621525867
3052 7.368977397492
3053 7.36775857972533
3054 7.36653976195867
3055 7.365320944192
3056 7.36410212642533
3057 7.36288330865867
3058 7.361664490892
3059 7.36044567312533
3060 7.35922685535867
3061 7.358008037592
3062 7.35678921982533
3063 7.35557040205867
3064 7.354351584292
3065 7.35313276652533
3066 7.35191394875867
3067 7.350695130992
3068 7.34947631322533
3069 7.34825749545867
3070 7.347038677692
3071 7.34581985992533
3072 7.34460104215867
3073 7.343382224392
3074 7.34216340662533
3075 7.34094458885867
3076 7.339725771092
3077 7.33850695332533
3078 7.33728813555867
3079 7.336069317792
3080 7.33507301133067
3081 7.33464887679733
3082 7.334224742264
3083 7.33380060773067
3084 7.33337647319733
3085 7.332952338664
3086 7.33252820413067
3087 7.33210406959733
3088 7.331679935064
3089 7.33125580053067
3090 7.33083166599733
3091 7.330407531464
3092 7.32998339693067
3093 7.32955926239733
3094 7.329135127864
3095 7.32871099333067
3096 7.32828685879733
3097 7.327862724264
3098 7.32743858973067
3099 7.32701445519733
3100 7.326590320664
3101 7.32616618613067
3102 7.32574205159733
3103 7.325317917064
3104 7.32489378253067
3105 7.32446964799733
3106 7.324045513464
3107 7.32362137893067
3108 7.32319724439733
3109 7.322773109864
3110 7.322276631936
3111 7.321594128136
3112 7.320911624336
3113 7.320229120536
3114 7.319546616736
3115 7.318864112936
3116 7.318181609136
3117 7.317499105336
3118 7.316816601536
3119 7.316134097736
3120 7.315451593936
3121 7.314769090136
3122 7.314086586336
3123 7.313404082536
3124 7.312721578736
3125 7.312039074936
3126 7.311356571136
3127 7.310674067336
3128 7.309991563536
3129 7.309309059736
3130 7.308626555936
3131 7.307944052136
3132 7.307261548336
3133 7.306579044536
3134 7.305896540736
3135 7.305214036936
3136 7.304531533136
3137 7.303849029336
3138 7.303166525536
3139 7.302484021736
3140 7.301895470564
3141 7.301548511864
3142 7.301201553164
3143 7.300854594464
3144 7.300507635764
3145 7.300160677064
3146 7.299813718364
3147 7.299466759664
3148 7.299119800964
3149 7.298772842264
3150 7.298425883564
3151 7.298078924864
3152 7.297731966164
3153 7.297385007464
3154 7.297038048764
3155 7.296691090064
3156 7.296344131364
3157 7.295997172664
3158 7.295650213964
3159 7.295303255264
3160 7.294956296564
3161 7.294609337864
3162 7.294262379164
3163 7.293915420464
3164 7.293568461764
3165 7.293221503064
3166 7.292874544364
3167 7.292527585664
3168 7.292180626964
3169 7.291833668264
3170 7.29120088039333
3171 7.28983310322667
3172 7.28846532606
3173 7.28709754889333
3174 7.28572977172667
3175 7.28436199456
3176 7.28299421739333
3177 7.28162644022667
3178 7.28025866306
3179 7.27889088589333
3180 7.27752310872667
3181 7.27615533156
3182 7.27478755439333
3183 7.27341977722667
3184 7.27205200006
3185 7.27068422289333
3186 7.26931644572667
3187 7.26794866856
3188 7.26658089139333
3189 7.26521311422667
3190 7.26384533706
3191 7.26247755989333
3192 7.26110978272667
3193 7.25974200556
3194 7.25837422839333
3195 7.25700645122667
3196 7.25563867406
3197 7.25427089689333
3198 7.25290311972667
3199 7.25153534256
3200 7.25055615009333
3201 7.25057617542667
3202 7.25059620076
3203 7.25061622609333
3204 7.25063625142667
3205 7.25065627676
3206 7.25067630209333
3207 7.25069632742667
3208 7.25071635276
3209 7.25073637809333
3210 7.25075640342667
3211 7.25077642876
3212 7.25079645409333
3213 7.25081647942667
3214 7.25083650476
3215 7.25085653009333
3216 7.25087655542667
3217 7.25089658076
3218 7.25091660609333
3219 7.25093663142667
3220 7.25095665676
3221 7.25097668209333
3222 7.25099670742667
3223 7.25101673276
3224 7.25103675809333
3225 7.25105678342667
3226 7.25107680876
3227 7.25109683409333
3228 7.25111685942667
3229 7.25113688476
3230 7.25107921546
3231 7.25082175996
3232 7.25056430446
3233 7.25030684896
3234 7.25004939346
3235 7.24979193796
3236 7.24953448246
3237 7.24927702696
3238 7.24901957146
3239 7.24876211596
3240 7.24850466046
3241 7.24824720496
3242 7.24798974946
3243 7.24773229396
3244 7.24747483846
3245 7.24721738296
3246 7.24695992746
3247 7.24670247196
3248 7.24644501646
3249 7.24618756096
3250 7.24593010546
3251 7.24567264996
3252 7.24541519446
3253 7.24515773896
3254 7.24490028346
3255 7.24464282796
3256 7.24438537246
3257 7.24412791696
3258 7.24387046146
3259 7.24361300596
3260 7.24343693261867
3261 7.24347012768533
3262 7.243503322752
3263 7.24353651781867
3264 7.24356971288533
3265 7.243602907952
3266 7.24363610301867
3267 7.24366929808533
3268 7.243702493152
3269 7.24373568821867
3270 7.24376888328533
3271 7.243802078352
3272 7.24383527341867
3273 7.24386846848533
3274 7.243901663552
3275 7.24393485861867
3276 7.24396805368533
3277 7.244001248752
3278 7.24403444381867
3279 7.24406763888533
3280 7.244100833952
3281 7.24413402901867
3282 7.24416722408533
3283 7.244200419152
3284 7.24423361421867
3285 7.24426680928533
3286 7.244300004352
3287 7.24433319941867
3288 7.24436639448533
3289 7.244399589552
3290 7.244281402068
3291 7.243773945168
3292 7.243266488268
3293 7.242759031368
3294 7.242251574468
3295 7.241744117568
3296 7.241236660668
3297 7.240729203768
3298 7.240221746868
3299 7.239714289968
3300 7.239206833068
3301 7.238699376168
3302 7.238191919268
3303 7.237684462368
3304 7.237177005468
3305 7.236669548568
3306 7.236162091668
3307 7.235654634768
3308 7.235147177868
3309 7.234639720968
3310 7.234132264068
3311 7.233624807168
3312 7.233117350268
3313 7.232609893368
3314 7.232102436468
3315 7.231594979568
3316 7.231087522668
3317 7.230580065768
3318 7.230072608868
3319 7.229565151968
3320 7.22913695898933
3321 7.22891258752267
3322 7.228688216056
3323 7.22846384458933
3324 7.22823947312267
3325 7.228015101656
3326 7.22779073018933
3327 7.22756635872267
3328 7.227341987256
3329 7.22711761578933
3330 7.22689324432267
3331 7.226668872856
3332 7.22644450138933
3333 7.22622012992267
3334 7.225995758456
3335 7.22577138698933
3336 7.22554701552267
3337 7.225322644056
3338 7.22509827258933
3339 7.22487390112267
3340 7.224649529656
3341 7.22442515818933
3342 7.22420078672267
3343 7.223976415256
3344 7.22375204378933
3345 7.22352767232267
3346 7.223303300856
3347 7.22307892938933
3348 7.22285455792267
3349 7.222630186456
3350 7.222262087872
3351 7.221524405272
3352 7.220786722672
3353 7.220049040072
3354 7.219311357472
3355 7.218573674872
3356 7.217835992272
3357 7.217098309672
3358 7.216360627072
3359 7.215622944472
3360 7.214885261872
3361 7.214147579272
3362 7.213409896672
3363 7.212672214072
3364 7.211934531472
3365 7.211196848872
3366 7.210459166272
3367 7.209721483672
3368 7.208983801072
3369 7.208246118472
3370 7.207508435872
3371 7.206770753272
3372 7.206033070672
3373 7.205295388072
3374 7.204557705472
3375 7.203820022872
3376 7.203082340272
3377 7.202344657672
3378 7.201606975072
3379 7.200869292472
3380 7.200267611864
3381 7.200015650664
3382 7.199763689464
3383 7.199511728264
3384 7.199259767064
3385 7.199007805864
3386 7.198755844664
3387 7.198503883464
3388 7.198251922264
3389 7.197999961064
3390 7.197747999864
3391 7.197496038664
3392 7.197244077464
3393 7.196992116264
3394 7.196740155064
3395 7.196488193864
3396 7.196236232664
3397 7.195984271464
3398 7.195732310264
3399 7.195480349064
3400 7.195228387864
3401 7.194976426664
3402 7.194724465464
3403 7.194472504264
3404 7.194220543064
3405 7.193968581864
3406 7.193716620664
3407 7.193464659464
3408 7.193212698264
3409 7.192960737064
3410 7.19261980549067
3411 7.19205009295733
3412 7.191480380424
3413 7.19091066789067
3414 7.19034095535733
3415 7.189771242824
3416 7.18920153029067
3417 7.18863181775733
3418 7.188062105224
3419 7.18749239269067
3420 7.18692268015733
3421 7.186352967624
3422 7.18578325509067
3423 7.18521354255733
3424 7.184643830024
3425 7.18407411749067
3426 7.18350440495733
3427 7.182934692424
3428 7.18236497989067
3429 7.18179526735733
3430 7.181225554824
3431 7.18065584229067
3432 7.18008612975733
3433 7.179516417224
3434 7.17894670469067
3435 7.17837699215733
3436 7.177807279624
3437 7.17723756709067
3438 7.17666785455733
3439 7.176098142024
3440 7.17561135107724
3441 7.17533778706738
3442 7.17506422305752
3443 7.17479065904766
3444 7.1745170950378
3445 7.17424353102794
3446 7.17396996701808
3447 7.17369640300822
3448 7.17342283899836
3449 7.1731492749885
3450 7.17287571097864
3451 7.17260214696878
3452 7.17232858295892
3453 7.17205501894906
3454 7.17178145493919
3455 7.17150789092933
3456 7.17123432691947
3457 7.17096076290961
3458 7.17068719889975
3459 7.17041363488989
3460 7.17014007088003
3461 7.16986650687017
3462 7.16959294286031
3463 7.16931937885045
3464 7.16904581484059
3465 7.15131459434001
3466 7.14783547598
3467 7.14671605548
3468 7.14599317804
3469 7.14828158446
3470 7.14845868512
