-53 7.359755037522
-52 7.357629178922
-51 7.355503320322
-50 7.353377461722
-49 7.351251603122
-48 7.349856117204
-47 7.350905792004
-46 7.351955466804
-45 7.353005141604
-44 7.354054816404
-43 7.354526386894
-42 7.353062564694
-41 7.351598742494
-40 7.350134920294
-39 7.348671098094
-38 7.347445074826
-37 7.347015161026
-36 7.346585247226
-35 7.346155333426
-34 7.345725419626
-33 7.345290050594
-32 7.344836418394
-31 7.344382786194
-30 7.343929153994
-29 7.343475521794
-28 7.34301205783
-27 7.34251567883
-26 7.34201929983
-25 7.34152292083
-24 7.34102654183
-23 7.340724737908
-22 7.341074337508
-21 7.341423937108
-20 7.341773536708
-19 7.342123136308
-18 7.342160864418
-17 7.341154501018
-16 7.340148137618
-15 7.339141774218
-14 7.338135410818
-13 7.337158141406
-12 7.336278273606
-11 7.335398405806
-10 7.334518538006
-9 7.333638670206
-8 7.333051585644
-7 7.333444688444
-6 7.333837791244
-5 7.334230894044
-4 7.334623996844
-3 7.338049262232
-2 7.351625680632
-1 7.365202099032
0 7.378778517432
1 7.392354935832
2 7.399019117726
3 7.382542333926
4 7.366065550126
5 7.349588766326
6 7.333111982526
7 7.327345753166
8 7.357436597366
9 7.387527441566
10 7.417618285766
11 7.447709129966
12 7.467855051776
13 7.454707102976
14 7.441559154176
15 7.428411205376
16 7.415263256576
17 7.425860283894
18 7.515951361694
19 7.606042439494
20 7.696133517294
21 7.786224595094
22 7.855959769362
23 7.857546918762
24 7.859134068162
25 7.860721217562
26 7.862308366962
27 7.862299551008
28 7.856947720608
29 7.851595890208
30 7.846244059808
31 7.840892229408
32 7.852364829364
33 7.920162696164
34 7.987960562964
35 8.055758429764
36 8.123556296564
37 8.195091042088
38 8.279136207688
39 8.363181373288
40 8.447226538888
41 8.531271704488
42 8.589636853048
43 8.562029770648
44 8.534422688248
45 8.506815605848
46 8.479208523448
47 8.451601441048
48 8.423994358648
49 8.396387276248
50 8.368780193848
51 8.341173111448
52 8.326703723394
53 8.356217051194
54 8.385730378994
55 8.415243706794
56 8.444757034594
57 8.468460174844
58 8.472711817644
59 8.476963460444
60 8.481215103244
61 8.485466746044
62 8.486222016497
63 8.475272040397
64 8.464322064297
65 8.453372088197
66 8.442422112097
67 8.431472135997
68 8.420522159897
69 8.409572183797
70 8.398622207697
71 8.387672231597
72 8.376020555558
73 8.362019710158
74 8.348018864758
75 8.334018019358
76 8.320017173958
77 8.312010718554
78 8.324072438354
79 8.336134158154
80 8.348195877954
81 8.360257597754
82 8.3697600793445
83 8.3706946764945
84 8.3716292736445
85 8.3725638707945
86 8.3734984679445
87 8.3744330650945
88 8.3753676622445
89 8.3763022593945
90 8.3772368565445
91 8.3781714536945
92 8.3791060508445
93 8.3800406479945
94 8.3809752451445
95 8.3819098422945
96 8.3828444394445
97 8.3837790365945
98 8.3847136337445
99 8.3856482308945
100 8.3865828280445
101 8.3875174251945
102 8.3884520223445
103 8.3893866194945
104 8.3903212166445
105 8.3912558137945
106 8.3921904109445
107 8.3931250080945
108 8.3940596052445
109 8.3949942023945
110 8.3959287995445
111 8.3968633966945
112 8.3977979938445
113 8.3987325909945
114 8.3996671881445
115 8.4006017852945
116 8.4015363824445
117 8.4024709795945
118 8.4034055767445
119 8.4043401738945
120 8.4052747710445
121 8.4062093681945
122 8.4071439653445
123 8.4080785624945
124 8.4090131596445
125 8.4099477567945
126 8.4108823539445
127 8.4118169510945
128 8.4127515482445
129 8.4136861453945
130 8.4146207425445
131 8.4155553396945
132 8.4164899368445
133 8.4174245339945
134 8.4183591311445
135 8.4192937282945
136 8.4202283254445
137 8.4211629225945
138 8.4220975197445
139 8.4230321168945
140 8.4239667140445
141 8.4249013111945
142 8.42393954941667
143 8.41662910775
144 8.40931866608334
145 8.40200822441667
146 8.39469778275
147 8.38738734108333
148 8.38007689941667
149 8.37276645775
150 8.36545601608333
151 8.35814557441667
152 8.35083513275
153 8.34352469108333
154 8.33621424941667
155 8.32890380775
156 8.32159336608333
157 8.31428292441667
158 8.30697248275
159 8.29966204108333
160 8.29235159941667
161 8.28504115775
162 8.27773071608333
163 8.27042027441667
164 8.26310983275
165 8.25579939108333
166 8.24848894941667
167 8.24117850775
168 8.23386806608333
169 8.22655762441667
170 8.21924718275
171 8.21193674108333
172 8.20315185956133
173 8.189430809828
174 8.17570976009467
175 8.16198871036133
176 8.148267660628
177 8.13454661089467
178 8.12082556116133
179 8.107104511428
180 8.09338346169467
181 8.07966241196133
182 8.065941362228
183 8.05222031249467
184 8.03849926276133
185 8.024778213028
186 8.01105716329467
187 7.99733611356133
188 7.983615063828
189 7.96989401409467
190 7.95617296436133
191 7.942451914628
192 7.92873086489467
193 7.91500981516133
194 7.901288765428
195 7.88756771569467
196 7.87384666596133
197 7.860125616228
198 7.84640456649467
199 7.83268351676133
200 7.818962467028
201 7.80524141729467
202 7.79891219429433
203 7.817329521661
204 7.83574684902767
205 7.85416417639433
206 7.872581503761
207 7.89099883112767
208 7.90941615849433
209 7.927833485861
210 7.94625081322767
211 7.96466814059433
212 7.983085467961
213 8.00150279532767
214 8.01992012269433
215 8.038337450061
216 8.05675477742767
217 8.07517210479433
218 8.093589432161
219 8.11200675952767
220 8.13042408689433
221 8.148841414261
222 8.16725874162767
223 8.18567606899433
224 8.204093396361
225 8.22251072372767
226 8.24092805109433
227 8.259345378461
228 8.27776270582767
229 8.29618003319433
230 8.314597360561
231 8.33301468792767
232 8.34816109546783
233 8.3523570322845
234 8.35655296910117
235 8.36074890591783
236 8.3649448427345
237 8.36914077955117
238 8.37333671636783
239 8.3775326531845
240 8.38172859000117
241 8.38592452681783
242 8.3901204636345
243 8.39431640045117
244 8.39851233726783
245 8.4027082740845
246 8.40690421090117
247 8.41110014771783
248 8.4152960845345
249 8.41949202135117
250 8.42368795816783
251 8.4278838949845
252 8.43207983180117
253 8.43627576861783
254 8.4404717054345
255 8.44466764225117
256 8.44886357906783
257 8.4530595158845
258 8.45725545270117
259 8.46145138951783
260 8.4656473263345
261 8.46984326315117
262 8.47403919996783
263 8.4782351367845
264 8.48243107360117
265 8.48662701041783
266 8.4908229472345
267 8.49501888405117
268 8.49921482086783
269 8.5034107576845
270 8.50760669450117
271 8.51180263131783
272 8.5159985681345
273 8.52019450495117
274 8.52439044176783
275 8.5285863785845
276 8.53278231540117
277 8.53697825221783
278 8.5411741890345
279 8.54537012585117
280 8.54956606266783
281 8.5537619994845
282 8.55795793630117
283 8.56215387311783
284 8.5663498099345
285 8.57054574675117
286 8.57474168356783
287 8.5789376203845
288 8.58313355720117
289 8.58732949401783
290 8.5915254308345
291 8.59572136765117
292 8.59773498159117
293 8.5924425580745
294 8.58715013455783
295 8.58185771104117
296 8.5765652875245
297 8.57127286400783
298 8.56598044049117
299 8.5606880169745
300 8.55539559345783
301 8.55010316994117
302 8.5448107464245
303 8.53951832290783
304 8.53422589939117
305 8.5289334758745
306 8.52364105235783
307 8.51834862884117
308 8.5130562053245
309 8.50776378180783
310 8.50247135829117
311 8.4971789347745
312 8.49188651125783
313 8.48659408774117
314 8.4813016642245
315 8.47600924070783
316 8.47071681719117
317 8.4654243936745
318 8.46013197015783
319 8.45483954664117
320 8.4495471231245
321 8.44425469960783
322 8.43896227609117
323 8.4336698525745
324 8.42837742905783
325 8.42308500554117
326 8.4177925820245
327 8.41250015850783
328 8.40720773499117
329 8.4019153114745
330 8.39662288795783
331 8.39133046444117
332 8.3860380409245
333 8.38074561740783
334 8.37545319389117
335 8.3701607703745
336 8.36486834685783
337 8.35957592334117
338 8.3542834998245
339 8.34899107630783
340 8.34369865279117
341 8.3384062292745
342 8.33311380575783
343 8.32782138224117
344 8.3225289587245
345 8.31723653520783
346 8.31194411169117
347 8.3066516881745
348 8.30135926465783
349 8.29606684114117
350 8.2907744176245
351 8.28548199410783
352 8.281122749411
353 8.279887625111
354 8.278652500811
355 8.277417376511
356 8.276182252211
357 8.274947127911
358 8.273712003611
359 8.272476879311
360 8.271241755011
361 8.270006630711
362 8.268771506411
363 8.267536382111
364 8.266301257811
365 8.265066133511
366 8.263831009211
367 8.262595884911
368 8.261360760611
369 8.260125636311
370 8.258890512011
371 8.257655387711
372 8.256420263411
373 8.255185139111
374 8.253950014811
375 8.252714890511
376 8.251479766211
377 8.250244641911
378 8.249009517611
379 8.247774393311
380 8.246539269011
381 8.245304144711
382 8.24347180486433
383 8.239640091231
384 8.23580837759767
385 8.23197666396433
386 8.228144950331
387 8.22431323669767
388 8.22048152306433
389 8.216649809431
390 8.21281809579767
391 8.20898638216433
392 8.205154668531
393 8.20132295489767
394 8.19749124126433
395 8.193659527631
396 8.18982781399767
397 8.18599610036433
398 8.182164386731
399 8.17833267309767
400 8.17450095946433
401 8.170669245831
402 8.16683753219767
403 8.16300581856433
404 8.159174104931
405 8.15534239129767
406 8.15151067766433
407 8.147678964031
408 8.14384725039767
409 8.14001553676433
410 8.136183823131
411 8.13235210949767
412 8.129537348485
413 8.130127167985
414 8.130716987485
415 8.131306806985
416 8.131896626485
417 8.132486445985
418 8.133076265485
419 8.133666084985
420 8.134255904485
421 8.134845723985
422 8.135435543485
423 8.136025362985
424 8.136615182485
425 8.137205001985
426 8.137794821485
427 8.138384640985
428 8.138974460485
429 8.139564279985
430 8.140154099485
431 8.140743918985
432 8.141333738485
433 8.141923557985
434 8.142513377485
435 8.143103196985
436 8.143693016485
437 8.144282835985
438 8.144872655485
439 8.145462474985
440 8.146052294485
441 8.146642113985
442 8.14661305236
443 8.14451208436
444 8.14241111636
445 8.14031014836
446 8.13820918036
447 8.13610821236
448 8.13400724436
449 8.13190627636
450 8.12980530836
451 8.12770434036
452 8.12560337236
453 8.12350240436
454 8.12140143636
455 8.11930046836
456 8.11719950036
457 8.11509853236
458 8.11299756436
459 8.11089659636
460 8.10879562836
461 8.10669466036
462 8.10459369236
463 8.10249272436
464 8.10039175636
465 8.09829078836
466 8.09618982036
467 8.09408885236
468 8.09198788436
469 8.08988691636
470 8.08778594836
471 8.08568498036
472 8.08387896696667
473 8.0830604103
474 8.08224185363333
475 8.08142329696667
476 8.0806047403
477 8.07978618363333
478 8.07896762696667
479 8.0781490703
480 8.07733051363333
481 8.07651195696667
482 8.0756934003
483 8.07487484363333
484 8.07405628696667
485 8.0732377303
486 8.07241917363333
487 8.07160061696667
488 8.0707820603
489 8.06996350363333
490 8.06914494696667
491 8.0683263903
492 8.06750783363333
493 8.06668927696667
494 8.0658707203
495 8.06505216363333
496 8.06423360696667
497 8.0634150503
498 8.06259649363333
499 8.06177793696667
500 8.0609593803
501 8.06014082363333
502 8.059531398369
503 8.059622108669
504 8.059712818969
505 8.059803529269
506 8.059894239569
507 8.059984949869
508 8.060075660169
509 8.060166370469
510 8.060257080769
511 8.060347791069
512 8.060438501369
513 8.060529211669
514 8.060619921969
515 8.060710632269
516 8.060801342569
517 8.060892052869
518 8.060982763169
519 8.061073473469
520 8.061164183769
521 8.061254894069
522 8.061345604369
523 8.061436314669
524 8.061527024969
525 8.061617735269
526 8.061708445569
527 8.061799155869
528 8.061889866169
529 8.061980576469
530 8.062071286769
531 8.062161997069
532 8.06177251665033
533 8.059775441217
534 8.05777836578367
535 8.05578129035033
536 8.053784214917
537 8.05178713948367
538 8.04979006405033
539 8.047792988617
540 8.04579591318367
541 8.04379883775033
542 8.041801762317
543 8.03980468688367
544 8.03780761145033
545 8.035810536017
546 8.03381346058367
547 8.03181638515033
548 8.029819309717
549 8.02782223428367
550 8.02582515885033
551 8.023828083417
552 8.02183100798367
553 8.01983393255033
554 8.017836857117
555 8.01583978168367
556 8.01384270625033
557 8.011845630817
558 8.00984855538367
559 8.00785147995033
560 8.005854404517
561 8.00385732908367
562 8.00259864624067
563 8.003811973374
564 8.00502530050733
565 8.00623862764067
566 8.007451954774
567 8.00866528190733
568 8.00987860904067
569 8.011091936174
570 8.01230526330733
571 8.01351859044067
572 8.014731917574
573 8.01594524470733
574 8.01715857184067
575 8.018371898974
576 8.01958522610733
577 8.02079855324067
578 8.022011880374
579 8.02322520750733
580 8.02443853464067
581 8.025651861774
582 8.02686518890733
583 8.02807851604067
584 8.029291843174
585 8.03050517030733
586 8.03171849744067
587 8.032931824574
588 8.03414515170733
589 8.03535847884067
590 8.036571805974
591 8.03778513310733
592 8.038632245516
593 8.038253334716
594 8.037874423916
595 8.037495513116
596 8.037116602316
597 8.036737691516
598 8.036358780716
599 8.035979869916
600 8.035600959116
601 8.035222048316
602 8.034843137516
603 8.034464226716
604 8.034085315916
605 8.033706405116
606 8.033327494316
607 8.032948583516
608 8.032569672716
609 8.032190761916
610 8.031811851116
611 8.031432940316
612 8.031054029516
613 8.030675118716
614 8.030296207916
615 8.029917297116
616 8.029538386316
617 8.029159475516
618 8.028780564716
619 8.028401653916
620 8.028022743116
621 8.027643832316
622 8.02706160700533
623 8.025798720072
624 8.02453583313867
625 8.02327294620533
626 8.022010059272
627 8.02074717233867
628 8.01948428540533
629 8.018221398472
630 8.01695851153867
631 8.01569562460533
632 8.014432737672
633 8.01316985073867
634 8.01190696380533
635 8.010644076872
636 8.00938118993867
637 8.00811830300533
638 8.006855416072
639 8.00559252913867
640 8.00432964220533
641 8.003066755272
642 8.00180386833867
643 8.00054098140533
644 7.999278094472
645 7.99801520753867
646 7.99675232060533
647 7.995489433672
648 7.99422654673867
649 7.99296365980533
650 7.991700772872
651 7.99043788593867
652 7.98945591128783
653 7.9894143821045
654 7.98937285292117
655 7.98933132373783
656 7.9892897945545
657 7.98924826537117
658 7.98920673618783
659 7.9891652070045
660 7.98912367782117
661 7.98908214863783
662 7.9890406194545
663 7.98899909027117
664 7.98895756108783
665 7.9889160319045
666 7.98887450272117
667 7.98883297353783
668 7.9887914443545
669 7.98874991517117
670 7.98870838598783
671 7.9886668568045
672 7.98862532762117
673 7.98858379843783
674 7.9885422692545
675 7.98850074007117
676 7.98845921088783
677 7.9884176817045
678 7.98837615252117
679 7.98833462333783
680 7.9882930941545
681 7.98825156497117
682 7.98821003578783
683 7.9881685066045
684 7.98812697742117
685 7.98808544823783
686 7.9880439190545
687 7.98800238987117
688 7.98796086068783
689 7.9879193315045
690 7.98787780232117
691 7.98783627313783
692 7.9877947439545
693 7.98775321477117
694 7.98771168558783
695 7.9876701564045
696 7.98762862722117
697 7.98758709803783
698 7.9875455688545
699 7.98750403967117
700 7.98746251048783
701 7.9874209813045
702 7.98737945212117
703 7.98733792293783
704 7.9872963937545
705 7.98725486457117
706 7.98721333538783
707 7.9871718062045
708 7.98713027702117
709 7.98708874783783
710 7.9870472186545
711 7.98700568947117
712 7.98704649429633
713 7.987362939063
714 7.98767938382967
715 7.98799582859633
716 7.988312273363
717 7.98862871812967
718 7.98894516289633
719 7.989261607663
720 7.98957805242967
721 7.98989449719633
722 7.990210941963
723 7.99052738672967
724 7.99084383149633
725 7.991160276263
726 7.99147672102967
727 7.99179316579633
728 7.992109610563
729 7.99242605532967
730 7.99274250009633
731 7.993058944863
732 7.99337538962967
733 7.99369183439633
734 7.994008279163
735 7.99432472392967
736 7.99464116869633
737 7.994957613463
738 7.99527405822967
739 7.99559050299633
740 7.995906947763
741 7.99622339252967
742 7.99640921504467
743 7.996157736978
744 7.99590625891133
745 7.99565478084467
746 7.995403302778
747 7.99515182471133
748 7.99490034664467
749 7.994648868578
750 7.99439739051133
751 7.99414591244467
752 7.993894434378
753 7.99364295631133
754 7.99339147824467
755 7.993140000178
756 7.99288852211133
757 7.99263704404467
758 7.992385565978
759 7.99213408791133
760 7.99188260984467
761 7.991631131778
762 7.99137965371133
763 7.99112817564467
764 7.990876697578
765 7.99062521951133
766 7.99037374144467
767 7.990122263378
768 7.98987078531133
769 7.98961930724467
770 7.989367829178
771 7.98911635111133
772 7.98790053175867
773 7.983456265492
774 7.97901199922533
775 7.97456773295867
776 7.970123466692
777 7.96567920042533
778 7.96123493415867
779 7.956790667892
780 7.95234640162533
781 7.94790213535867
782 7.943457869092
783 7.93901360282533
784 7.93456933655867
785 7.930125070292
786 7.92568080402533
787 7.92123653775867
788 7.916792271492
789 7.91234800522533
790 7.90790373895867
791 7.903459472692
792 7.89901520642533
793 7.89457094015867
794 7.890126673892
795 7.88568240762533
796 7.88123814135867
797 7.876793875092
798 7.87234960882533
799 7.86790534255867
800 7.863461076292
801 7.85901681002533
802 7.85618104071633
803 7.858730239483
804 7.86127943824967
805 7.86382863701633
806 7.866377835783
807 7.86892703454967
808 7.87147623331633
809 7.874025432083
810 7.87657463084967
811 7.87912382961633
812 7.881673028383
813 7.88422222714967
814 7.88677142591633
815 7.889320624683
816 7.89186982344967
817 7.89441902221633
818 7.896968220983
819 7.89951741974967
820 7.90206661851633
821 7.904615817283
822 7.90716501604967
823 7.90971421481633
824 7.912263413583
825 7.91481261234967
826 7.91736181111633
827 7.919911009883
828 7.92246020864967
829 7.92500940741633
830 7.927558606183
831 7.93010780494967
832 7.932013777076
833 7.931766338276
834 7.931518899476
835 7.931271460676
836 7.931024021876
837 7.930776583076
838 7.930529144276
839 7.930281705476
840 7.930034266676
841 7.929786827876
842 7.929539389076
843 7.929291950276
844 7.929044511476
845 7.928797072676
846 7.928549633876
847 7.928302195076
848 7.928054756276
849 7.927807317476
850 7.927559878676
851 7.927312439876
852 7.927065001076
853 7.926817562276
854 7.926570123476
855 7.926322684676
856 7.926075245876
857 7.925827807076
858 7.925580368276
859 7.925332929476
860 7.925085490676
861 7.924838051876
862 7.92512022882433
863 7.927175467191
864 7.92923070555767
865 7.93128594392433
866 7.933341182291
867 7.93539642065767
868 7.93745165902433
869 7.939506897391
870 7.94156213575767
871 7.94361737412433
872 7.945672612491
873 7.94772785085767
874 7.94978308922433
875 7.951838327591
876 7.95389356595767
877 7.95594880432433
878 7.958004042691
879 7.96005928105767
880 7.96211451942433
881 7.964169757791
882 7.96622499615767
883 7.96828023452433
884 7.970335472891
885 7.97239071125767
886 7.97444594962433
887 7.976501187991
888 7.97855642635767
889 7.98061166472433
890 7.982666903091
891 7.98472214145767
892 7.98562282596233
893 7.982658264929
894 7.97969370389567
895 7.97672914286233
896 7.973764581829
897 7.97080002079567
898 7.96783545976233
899 7.964870898729
900 7.96190633769567
901 7.95894177666233
902 7.955977215629
903 7.95301265459567
904 7.95004809356233
905 7.947083532529
906 7.94411897149567
907 7.94115441046233
908 7.938189849429
909 7.93522528839567
910 7.93226072736233
911 7.929296166329
912 7.92633160529567
913 7.92336704426233
914 7.920402483229
915 7.91743792219567
916 7.91447336116233
917 7.911508800129
918 7.90854423909567
919 7.90557967806233
920 7.902615117029
921 7.89965055599567
922 7.897467061584
923 7.897898442384
924 7.898329823184
925 7.898761203984
926 7.899192584784
927 7.899623965584
928 7.900055346384
929 7.900486727184
930 7.900918107984
931 7.901349488784
932 7.901780869584
933 7.902212250384
934 7.902643631184
935 7.903075011984
936 7.903506392784
937 7.903937773584
938 7.904369154384
939 7.904800535184
940 7.905231915984
941 7.905663296784
942 7.906094677584
943 7.906526058384
944 7.906957439184
945 7.907388819984
946 7.907820200784
947 7.908251581584
948 7.908682962384
949 7.909114343184
950 7.909545723984
951 7.909977104784
952 7.91033519618367
953 7.910447927417
954 7.91056065865033
955 7.91067338988367
956 7.910786121117
957 7.91089885235033
958 7.91101158358367
959 7.911124314817
960 7.91123704605033
961 7.91134977728367
962 7.911462508517
963 7.91157523975033
964 7.91168797098367
965 7.911800702217
966 7.91191343345033
967 7.91202616468367
968 7.912138895917
969 7.91225162715033
970 7.91236435838367
971 7.912477089617
972 7.91258982085033
973 7.91270255208367
974 7.912815283317
975 7.91292801455033
976 7.91304074578367
977 7.913153477017
978 7.91326620825033
979 7.91337893948367
980 7.913491670717
981 7.91360440195033
982 7.913448462057
983 7.912393057957
984 7.911337653857
985 7.910282249757
986 7.909226845657
987 7.908171441557
988 7.907116037457
989 7.906060633357
990 7.905005229257
991 7.903949825157
992 7.902894421057
993 7.901839016957
994 7.900783612857
995 7.899728208757
996 7.898672804657
997 7.897617400557
998 7.896561996457
999 7.895506592357
1000 7.894451188257
1001 7.893395784157
1002 7.892340380057
1003 7.891284975957
1004 7.890229571857
1005 7.889174167757
1006 7.888118763657
1007 7.887063359557
1008 7.886007955457
1009 7.884952551357
1010 7.883897147257
1011 7.882841743157
1012 7.882167181406
1013 7.882767613606
1014 7.883368045806
1015 7.883968478006
1016 7.884568910206
1017 7.885169342406
1018 7.885769774606
1019 7.886370206806
1020 7.886970639006
1021 7.887571071206
1022 7.888171503406
1023 7.888771935606
1024 7.889372367806
1025 7.889972800006
1026 7.890573232206
1027 7.891173664406
1028 7.891774096606
1029 7.892374528806
1030 7.892974961006
1031 7.893575393206
1032 7.894175825406
1033 7.894776257606
1034 7.895376689806
1035 7.895977122006
1036 7.896577554206
1037 7.897177986406
1038 7.897778418606
1039 7.898378850806
1040 7.898979283006
1041 7.899579715206
1042 7.90028140937567
1043 7.901322111009
1044 7.90236281264233
1045 7.90340351427567
1046 7.904444215909
1047 7.90548491754233
1048 7.90652561917567
1049 7.907566320809
1050 7.90860702244233
1051 7.90964772407567
1052 7.910688425709
1053 7.91172912734233
1054 7.91276982897567
1055 7.913810530609
1056 7.91485123224233
1057 7.91589193387567
1058 7.916932635509
1059 7.91797333714233
1060 7.91901403877567
1061 7.920054740409
1062 7.92109544204233
1063 7.92213614367567
1064 7.923176845309
1065 7.92421754694233
1066 7.92525824857567
1067 7.926298950209
1068 7.92733965184233
1069 7.92838035347567
1070 7.929421055109
1071 7.93046175674233
1072 7.930848331836
1073 7.929045005036
1074 7.927241678236
1075 7.925438351436
1076 7.923635024636
1077 7.921831697836
1078 7.920028371036
1079 7.918225044236
1080 7.916421717436
1081 7.914618390636
1082 7.912815063836
1083 7.911011737036
1084 7.909208410236
1085 7.907405083436
1086 7.905601756636
1087 7.903798429836
1088 7.901995103036
1089 7.900191776236
1090 7.898388449436
1091 7.896585122636
1092 7.894781795836
1093 7.892978469036
1094 7.891175142236
1095 7.889371815436
1096 7.887568488636
1097 7.885765161836
1098 7.883961835036
1099 7.882158508236
1100 7.880355181436
1101 7.878551854636
1102 7.87718268490567
1103 7.877266997539
1104 7.87735131017233
1105 7.87743562280567
1106 7.877519935439
1107 7.87760424807233
1108 7.87768856070567
1109 7.877772873339
1110 7.87785718597233
1111 7.87794149860567
1112 7.878025811239
1113 7.87811012387233
1114 7.87819443650567
1115 7.878278749139
1116 7.87836306177233
1117 7.87844737440567
1118 7.878531687039
1119 7.87861599967233
1120 7.87870031230567
1121 7.878784624939
1122 7.87886893757233
1123 7.87895325020567
1124 7.879037562839
1125 7.87912187547233
1126 7.87920618810567
1127 7.879290500739
1128 7.87937481337233
1129 7.87945912600567
1130 7.879543438639
1131 7.87962775127233
1132 7.87954093164667
1133 7.87888119098
1134 7.87822145031333
1135 7.87756170964667
1136 7.87690196898
1137 7.87624222831333
1138 7.87558248764667
1139 7.87492274698
1140 7.87426300631333
1141 7.87360326564667
1142 7.87294352498
1143 7.87228378431333
1144 7.87162404364667
1145 7.87096430298
1146 7.87030456231333
1147 7.86964482164667
1148 7.86898508098
1149 7.86832534031333
1150 7.86766559964667
1151 7.86700585898
1152 7.86634611831333
1153 7.86568637764667
1154 7.86502663698
1155 7.86436689631333
1156 7.86370715564667
1157 7.86304741498
1158 7.86238767431333
1159 7.86172793364667
1160 7.86106819298
1161 7.86040845231333
1162 7.860025553232
1163 7.860569471632
1164 7.861113390032
1165 7.861657308432
1166 7.862201226832
1167 7.862745145232
1168 7.863289063632
1169 7.863832982032
1170 7.864376900432
1171 7.864920818832
1172 7.865464737232
1173 7.866008655632
1174 7.866552574032
1175 7.867096492432
1176 7.867640410832
1177 7.868184329232
1178 7.868728247632
1179 7.869272166032
1180 7.869816084432
1181 7.870360002832
1182 7.870903921232
1183 7.871447839632
1184 7.871991758032
1185 7.872535676432
1186 7.873079594832
1187 7.873623513232
1188 7.874167431632
1189 7.874711350032
1190 7.875255268432
1191 7.875799186832
1192 7.87588610814267
1193 7.874443082676
1194 7.87300005720933
1195 7.87155703174267
1196 7.870114006276
1197 7.86867098080933
1198 7.86722795534267
1199 7.865784929876
1200 7.86434190440933
1201 7.86289887894267
1202 7.861455853476
1203 7.86001282800933
1204 7.85856980254267
1205 7.857126777076
1206 7.85568375160933
1207 7.85424072614267
1208 7.852797700676
1209 7.85135467520933
1210 7.84991164974267
1211 7.848468624276
1212 7.84702559880933
1213 7.84558257334267
1214 7.844139547876
1215 7.84269652240933
1216 7.84125349694267
1217 7.839810471476
1218 7.83836744600933
1219 7.83692442054267
1220 7.835481395076
1221 7.83403836960933
1222 7.83304300161433
1223 7.833546312981
1224 7.83404962434767
1225 7.83455293571433
1226 7.835056247081
1227 7.83555955844767
1228 7.83606286981433
1229 7.836566181181
1230 7.83706949254767
1231 7.83757280391433
1232 7.838076115281
1233 7.83857942664767
1234 7.83908273801433
1235 7.839586049381
1236 7.84008936074767
1237 7.84059267211433
1238 7.841095983481
1239 7.84159929484767
1240 7.84210260621433
1241 7.842605917581
1242 7.84310922894767
1243 7.84361254031433
1244 7.844115851681
1245 7.84461916304767
1246 7.84512247441433
1247 7.845625785781
1248 7.84612909714767
1249 7.84663240851433
1250 7.847135719881
1251 7.84763903124767
1252 7.84796581823533
1253 7.847701632302
1254 7.84743744636867
1255 7.84717326043533
1256 7.846909074502
1257 7.84664488856867
1258 7.84638070263533
1259 7.846116516702
1260 7.84585233076867
1261 7.84558814483533
1262 7.845323958902
1263 7.84505977296867
1264 7.84479558703533
1265 7.844531401102
1266 7.84426721516867
1267 7.84400302923533
1268 7.843738843302
1269 7.84347465736867
1270 7.84321047143533
1271 7.842946285502
1272 7.84268209956867
1273 7.84241791363533
1274 7.842153727702
1275 7.84188954176867
1276 7.84162535583533
1277 7.841361169902
1278 7.84109698396867
1279 7.84083279803533
1280 7.840568612102
1281 7.84030442616867
1282 7.840133477459
1283 7.840274670759
1284 7.840415864059
1285 7.840557057359
1286 7.840698250659
1287 7.840839443959
1288 7.840980637259
1289 7.841121830559
1290 7.841263023859
1291 7.841404217159
1292 7.841545410459
1293 7.841686603759
1294 7.841827797059
1295 7.841968990359
1296 7.842110183659
1297 7.842251376959
1298 7.842392570259
1299 7.842533763559
1300 7.842674956859
1301 7.842816150159
1302 7.842957343459
1303 7.843098536759
1304 7.843239730059
1305 7.843380923359
1306 7.843522116659
1307 7.843663309959
1308 7.843804503259
1309 7.843945696559
1310 7.844086889859
1311 7.844228083159
1312 7.84414716045267
1313 7.843322631986
1314 7.84249810351933
1315 7.84167357505267
1316 7.840849046586
1317 7.84002451811933
1318 7.83919998965267
1319 7.838375461186
1320 7.83755093271933
1321 7.83672640425267
1322 7.835901875786
1323 7.83507734731933
1324 7.83425281885267
1325 7.833428290386
1326 7.83260376191933
1327 7.83177923345267
1328 7.830954704986
1329 7.83013017651933
1330 7.82930564805267
1331 7.828481119586
1332 7.82765659111933
1333 7.82683206265267
1334 7.826007534186
1335 7.82518300571933
1336 7.82435847725267
1337 7.823533948786
1338 7.82270942031933
1339 7.82188489185267
1340 7.821060363386
1341 7.82023583491933
1342 7.81950677092733
1343 7.819097305394
1344 7.81868783986067
1345 7.81827837432733
1346 7.817868908794
1347 7.81745944326067
1348 7.81704997772733
1349 7.816640512194
1350 7.81623104666067
1351 7.81582158112733
1352 7.815412115594
1353 7.81500265006067
1354 7.81459318452733
1355 7.814183718994
1356 7.81377425346067
1357 7.81336478792733
1358 7.812955322394
1359 7.81254585686067
1360 7.81213639132733
1361 7.811726925794
1362 7.81131746026067
1363 7.81090799472733
1364 7.810498529194
1365 7.81008906366067
1366 7.80967959812733
1367 7.809270132594
1368 7.80886066706067
1369 7.80845120152733
1370 7.808041735994
1371 7.80763227046067
1372 7.80714234981567
1373 7.806383079449
1374 7.80562380908233
1375 7.80486453871567
1376 7.804105268349
1377 7.80334599798233
1378 7.80258672761567
1379 7.801827457249
1380 7.80106818688233
1381 7.80030891651567
1382 7.799549646149
1383 7.79879037578233
1384 7.79803110541567
1385 7.797271835049
1386 7.79651256468233
1387 7.79575329431567
1388 7.794994023949
1389 7.79423475358233
1390 7.79347548321567
1391 7.792716212849
1392 7.79195694248233
1393 7.79119767211567
1394 7.790438401749
1395 7.78967913138233
1396 7.78891986101567
1397 7.788160590649
1398 7.78740132028233
1399 7.78664204991567
1400 7.785882779549
1401 7.78512350918233
1402 7.78458077266067
1403 7.784762953794
1404 7.78494513492733
1405 7.78512731606067
1406 7.785309497194
1407 7.78549167832733
1408 7.78567385946067
1409 7.785856040594
1410 7.78603822172733
1411 7.78622040286067
1412 7.786402583994
1413 7.78658476512733
1414 7.78676694626067
1415 7.786949127394
1416 7.78713130852733
1417 7.78731348966067
1418 7.787495670794
1419 7.78767785192733
1420 7.78786003306067
1421 7.788042214194
1422 7.78822439532733
1423 7.78840657646067
1424 7.788588757594
1425 7.78877093872733
1426 7.78895311986067
1427 7.789135300994
1428 7.78931748212733
1429 7.78949966326067
1430 7.789681844394
1431 7.78986402552733
1432 7.78973566687833
1433 7.788567675045
1434 7.78739968321167
1435 7.78623169137833
1436 7.785063699545
1437 7.78389570771167
1438 7.78272771587833
1439 7.781559724045
1440 7.78039173221167
1441 7.77922374037833
1442 7.778055748545
1443 7.77688775671167
1444 7.77571976487833
1445 7.774551773045
1446 7.77338378121167
1447 7.77221578937833
1448 7.771047797545
1449 7.76987980571167
1450 7.76871181387833
1451 7.767543822045
1452 7.76637583021167
1453 7.76520783837833
1454 7.764039846545
1455 7.76287185471167
1456 7.76170386287833
1457 7.760535871045
1458 7.75936787921167
1459 7.75819988737833
1460 7.757031895545
1461 7.75586390371167
1462 7.75509238527267
1463 7.755648190806
1464 7.75620399633933
1465 7.75675980187267
1466 7.757315607406
1467 7.75787141293933
1468 7.75842721847267
1469 7.758983024006
1470 7.75953882953933
1471 7.76009463507267
1472 7.760650440606
1473 7.76120624613933
1474 7.76176205167267
1475 7.762317857206
1476 7.76287366273933
1477 7.76342946827267
1478 7.763985273806
1479 7.76454107933933
1480 7.76509688487267
1481 7.765652690406
1482 7.76620849593933
1483 7.76676430147267
1484 7.767320107006
1485 7.76787591253933
1486 7.76843171807267
1487 7.768987523606
1488 7.76954332913933
1489 7.77009913467267
1490 7.770654940206
1491 7.77121074573933
1492 7.77192695426933
1493 7.773180164136
1494 7.77443337400267
1495 7.77568658386933
1496 7.776939793736
1497 7.77819300360267
1498 7.77944621346933
1499 7.780699423336
1500 7.78195263320267
1501 7.78320584306933
1502 7.784459052936
1503 7.78571226280267
1504 7.78696547266933
1505 7.788218682536
1506 7.78947189240267
1507 7.79072510226933
1508 7.791978312136
1509 7.79323152200267
1510 7.79448473186933
1511 7.795737941736
1512 7.79699115160267
1513 7.79824436146933
1514 7.799497571336
1515 7.80075078120267
1516 7.80200399106933
1517 7.803257200936
1518 7.80451041080267
1519 7.80576362066933
1520 7.807016830536
1521 7.80827004040267
1522 7.80873461571233
1523 7.806558979679
1524 7.80438334364567
1525 7.80220770761233
1526 7.800032071579
1527 7.79785643554567
1528 7.79568079951233
1529 7.793505163479
1530 7.79132952744567
1531 7.78915389141233
1532 7.786978255379
1533 7.78480261934567
1534 7.78262698331233
1535 7.780451347279
1536 7.77827571124567
1537 7.77610007521233
1538 7.773924439179
1539 7.77174880314567
1540 7.76957316711233
1541 7.767397531079
1542 7.76522189504567
1543 7.76304625901233
1544 7.760870622979
1545 7.75869498694567
1546 7.75651935091233
1547 7.754343714879
1548 7.75216807884567
1549 7.74999244281233
1550 7.747816806779
1551 7.74564117074567
1552 7.74407383990067
1553 7.744543009034
1554 7.74501217816733
1555 7.74548134730067
1556 7.745950516434
1557 7.74641968556733
1558 7.74688885470067
1559 7.747358023834
1560 7.74782719296733
1561 7.74829636210067
1562 7.748765531234
1563 7.74923470036733
1564 7.74970386950067
1565 7.750173038634
1566 7.75064220776733
1567 7.75111137690067
1568 7.751580546034
1569 7.75204971516733
1570 7.75251888430067
1571 7.752988053434
1572 7.75345722256733
1573 7.75392639170067
1574 7.754395560834
1575 7.75486472996733
1576 7.75533389910067
1577 7.755803068234
1578 7.75627223736733
1579 7.75674140650067
1580 7.757210575634
1581 7.75767974476733
1582 7.757791000865
1583 7.756704026365
1584 7.755617051865
1585 7.754530077365
1586 7.753443102865
1587 7.752356128365
1588 7.751269153865
1589 7.750182179365
1590 7.749095204865
1591 7.748008230365
1592 7.746921255865
1593 7.745834281365
1594 7.744747306865
1595 7.743660332365
1596 7.742573357865
1597 7.741486383365
1598 7.740399408865
1599 7.739312434365
1600 7.738225459865
1601 7.737138485365
1602 7.736051510865
1603 7.734964536365
1604 7.733877561865
1605 7.732790587365
1606 7.731703612865
1607 7.730616638365
1608 7.729529663865
1609 7.728442689365
1610 7.727355714865
1611 7.726268740365
1612 7.72541721011067
1613 7.725353906244
1614 7.72529060237733
1615 7.72522729851067
1616 7.725163994644
1617 7.72510069077733
1618 7.72503738691067
1619 7.724974083044
1620 7.72491077917733
1621 7.72484747531067
1622 7.724784171444
1623 7.72472086757733
1624 7.72465756371067
1625 7.724594259844
1626 7.72453095597733
1627 7.72446765211067
1628 7.724404348244
1629 7.72434104437733
1630 7.72427774051067
1631 7.724214436644
1632 7.72415113277733
1633 7.72408782891067
1634 7.724024525044
1635 7.72396122117733
1636 7.72389791731067
1637 7.723834613444
1638 7.72377130957733
1639 7.72370800571067
1640 7.723644701844
1641 7.72358139797733
1642 7.723466482908
1643 7.723178782508
1644 7.722891082108
1645 7.722603381708
1646 7.722315681308
1647 7.722027980908
1648 7.721740280508
1649 7.721452580108
1650 7.721164879708
1651 7.720877179308
1652 7.720589478908
1653 7.720301778508
1654 7.720014078108
1655 7.719726377708
1656 7.719438677308
1657 7.719150976908
1658 7.718863276508
1659 7.718575576108
1660 7.718287875708
1661 7.718000175308
1662 7.717712474908
1663 7.717424774508
1664 7.717137074108
1665 7.716849373708
1666 7.716561673308
1667 7.716273972908
1668 7.715986272508
1669 7.715698572108
1670 7.715410871708
1671 7.715123171308
1672 7.714700334523
1673 7.713825084623
1674 7.712949834723
1675 7.712074584823
1676 7.711199334923
1677 7.710324085023
1678 7.709448835123
1679 7.708573585223
1680 7.707698335323
1681 7.706823085423
1682 7.705947835523
1683 7.705072585623
1684 7.704197335723
1685 7.703322085823
1686 7.702446835923
1687 7.701571586023
1688 7.700696336123
1689 7.699821086223
1690 7.698945836323
1691 7.698070586423
1692 7.697195336523
1693 7.696320086623
1694 7.695444836723
1695 7.694569586823
1696 7.693694336923
1697 7.692819087023
1698 7.691943837123
1699 7.691068587223
1700 7.690193337323
1701 7.689318087423
1702 7.688571891719
1703 7.688257747019
1704 7.687943602319
1705 7.687629457619
1706 7.687315312919
1707 7.687001168219
1708 7.686687023519
1709 7.686372878819
1710 7.686058734119
1711 7.685744589419
1712 7.685430444719
1713 7.685116300019
1714 7.684802155319
1715 7.684488010619
1716 7.684173865919
1717 7.683859721219
1718 7.683545576519
1719 7.683231431819
1720 7.682917287119
1721 7.682603142419
1722 7.682288997719
1723 7.681974853019
1724 7.681660708319
1725 7.681346563619
1726 7.681032418919
1727 7.680718274219
1728 7.680404129519
1729 7.680089984819
1730 7.679775840119
1731 7.679461695419
1732 7.67911547290267
1733 7.678661859436
1734 7.67820824596933
1735 7.67775463250267
1736 7.677301019036
1737 7.67684740556933
1738 7.67639379210267
1739 7.675940178636
1740 7.67548656516933
1741 7.67503295170267
1742 7.674579338236
1743 7.67412572476933
1744 7.67367211130267
1745 7.673218497836
1746 7.67276488436933
1747 7.67231127090267
1748 7.671857657436
1749 7.67140404396933
1750 7.67095043050267
1751 7.670496817036
1752 7.67004320356933
1753 7.66958959010267
1754 7.669135976636
1755 7.66868236316933
1756 7.66822874970267
1757 7.667775136236
1758 7.66732152276933
1759 7.66686790930267
1760 7.666414295836
1761 7.66596068236933
1762 7.66536365112233
1763 7.664286482089
1764 7.66320931305567
1765 7.66213214402233
1766 7.661054974989
1767 7.65997780595567
1768 7.65890063692233
1769 7.657823467889
1770 7.65674629885567
1771 7.65566912982233
1772 7.654591960789
1773 7.65351479175567
1774 7.65243762272233
1775 7.651360453689
1776 7.65028328465567
1777 7.64920611562233
1778 7.648128946589
1779 7.64705177755567
1780 7.64597460852233
1781 7.644897439489
1782 7.64382027045567
1783 7.64274310142233
1784 7.641665932389
1785 7.64058876335567
1786 7.63951159432233
1787 7.638434425289
1788 7.63735725625567
1789 7.63628008722233
1790 7.635202918189
1791 7.63412574915567
1792 7.63336017878633
1793 7.633637786553
1794 7.63391539431967
1795 7.63419300208633
1796 7.634470609853
1797 7.63474821761967
1798 7.63502582538633
1799 7.635303433153
1800 7.63558104091967
1801 7.63585864868633
1802 7.636136256453
1803 7.63641386421967
1804 7.63669147198633
1805 7.636969079753
1806 7.63724668751967
1807 7.63752429528633
1808 7.637801903053
1809 7.63807951081967
1810 7.63835711858633
1811 7.638634726353
1812 7.63891233411967
1813 7.63918994188633
1814 7.639467549653
1815 7.63974515741967
1816 7.64002276518633
1817 7.640300372953
1818 7.64057798071967
1819 7.64085558848633
1820 7.641133196253
1821 7.64141080401967
1822 7.64148277998733
1823 7.640866336454
1824 7.64024989292067
1825 7.63963344938733
1826 7.639017005854
1827 7.63840056232067
1828 7.63778411878733
1829 7.637167675254
1830 7.63655123172067
1831 7.63593478818733
1832 7.635318344654
1833 7.63470190112067
1834 7.63408545758733
1835 7.633469014054
1836 7.63285257052067
1837 7.63223612698733
1838 7.631619683454
1839 7.63100323992067
1840 7.63038679638733
1841 7.629770352854
1842 7.62915390932067
1843 7.62853746578733
1844 7.627921022254
1845 7.62730457872067
1846 7.62668813518733
1847 7.626071691654
1848 7.62545524812067
1849 7.62483880458733
1850 7.624222361054
1851 7.62360591752067
1852 7.62303509273933
1853 7.622616991606
1854 7.62219889047267
1855 7.62178078933933
1856 7.621362688206
1857 7.62094458707267
1858 7.62052648593933
1859 7.620108384806
1860 7.61969028367267
1861 7.61927218253933
1862 7.618854081406
1863 7.61843598027267
1864 7.61801787913933
1865 7.617599778006
1866 7.61718167687267
1867 7.61676357573933
1868 7.616345474606
1869 7.61592737347267
1870 7.61550927233933
1871 7.615091171206
1872 7.61467307007267
1873 7.61425496893933
1874 7.613836867806
1875 7.61341876667267
1876 7.61300066553933
1877 7.612582564406
1878 7.61216446327267
1879 7.61174636213933
1880 7.611328261006
1881 7.61091015987267
1882 7.613052920906
1883 7.623769003106
1884 7.634485085306
1885 7.645201167506
1886 7.655917249706
1887 7.666633331906
1888 7.677349414106
1889 7.688065496306
1890 7.698781578506
1891 7.709497660706
1892 7.720213742906
1893 7.730929825106
1894 7.741645907306
1895 7.752361989506
1896 7.763078071706
1897 7.773794153906
1898 7.784510236106
1899 7.795226318306
1900 7.805942400506
1901 7.816658482706
1902 7.827374564906
1903 7.838090647106
1904 7.848806729306
1905 7.859522811506
1906 7.870238893706
1907 7.880954975906
1908 7.891671058106
1909 7.902387140306
1910 7.913103222506
1911 7.923819304706
1912 7.92879584358
1913 7.91455738958
1914 7.90031893558
1915 7.88608048158
1916 7.87184202758
1917 7.85760357358
1918 7.84336511958
1919 7.82912666558
1920 7.81488821158
1921 7.80064975758
1922 7.78641130358
1923 7.77217284958
1924 7.75793439558
1925 7.74369594158
1926 7.72945748758
1927 7.71521903358
1928 7.70098057958
1929 7.68674212558
1930 7.67250367158
1931 7.65826521758
1932 7.64402676358
1933 7.62978830958
1934 7.61554985558
1935 7.60131140158
1936 7.58707294758
1937 7.57283449358
1938 7.55859603958
1939 7.54435758558
1940 7.53011913158
1941 7.51588067758
1942 7.50475384320233
1943 7.504044170169
1944 7.50333449713567
1945 7.50262482410233
1946 7.501915151069
1947 7.50120547803567
1948 7.50049580500233
1949 7.499786131969
1950 7.49907645893567
1951 7.49836678590233
1952 7.497657112869
1953 7.49694743983567
1954 7.49623776680233
1955 7.495528093769
1956 7.49481842073567
1957 7.49410874770233
1958 7.493399074669
1959 7.49268940163567
1960 7.49197972860233
1961 7.491270055569
1962 7.49056038253567
1963 7.48985070950233
1964 7.489141036469
1965 7.48843136343567
1966 7.48772169040233
1967 7.487012017369
1968 7.48630234433567
1969 7.48559267130233
1970 7.484882998269
1971 7.48417332523567
1972 7.483548959371
1973 7.483210187071
1974 7.482871414771
1975 7.482532642471
1976 7.482193870171
1977 7.481855097871
1978 7.481516325571
1979 7.481177553271
1980 7.480838780971
1981 7.480500008671
1982 7.480161236371
1983 7.479822464071
1984 7.479483691771
1985 7.479144919471
1986 7.478806147171
1987 7.478467374871
1988 7.478128602571
1989 7.477789830271
1990 7.477451057971
1991 7.477112285671
1992 7.476773513371
1993 7.476434741071
1994 7.476095968771
1995 7.475757196471
1996 7.475418424171
1997 7.475079651871
1998 7.474740879571
1999 7.474402107271
2000 7.474063334971
2001 7.473724562671
2002 7.47341575523867
2003 7.473207264972
2004 7.47299877470533
2005 7.47279028443867
2006 7.472581794172
2007 7.47237330390533
2008 7.47216481363867
2009 7.471956323372
2010 7.47174783310533
2011 7.47153934283867
2012 7.471330852572
2013 7.47112236230533
2014 7.47091387203867
2015 7.470705381772
2016 7.47049689150533
2017 7.47028840123867
2018 7.470079910972
2019 7.46987142070533
2020 7.46966293043867
2021 7.469454440172
2022 7.46924594990533
2023 7.46903745963867
2024 7.468828969372
2025 7.46862047910533
2026 7.46841198883867
2027 7.468203498572
2028 7.46799500830533
2029 7.46778651803867
2030 7.467578027772
2031 7.46736953750533
2032 7.467076552821
2033 7.466500695521
2034 7.465924838221
2035 7.465348980921
2036 7.464773123621
2037 7.464197266321
2038 7.463621409021
2039 7.463045551721
2040 7.462469694421
2041 7.461893837121
2042 7.461317979821
2043 7.460742122521
2044 7.460166265221
2045 7.459590407921
2046 7.459014550621
2047 7.458438693321
2048 7.457862836021
2049 7.457286978721
2050 7.456711121421
2051 7.456135264121
2052 7.455559406821
2053 7.454983549521
2054 7.454407692221
2055 7.453831834921
2056 7.453255977621
2057 7.452680120321
2058 7.452104263021
2059 7.451528405721
2060 7.450952548421
2061 7.450376691121
2062 7.449867807544
2063 7.449583140344
2064 7.449298473144
2065 7.449013805944
2066 7.448729138744
2067 7.448444471544
2068 7.448159804344
2069 7.447875137144
2070 7.447590469944
2071 7.447305802744
2072 7.447021135544
2073 7.446736468344
2074 7.446451801144
2075 7.446167133944
2076 7.445882466744
2077 7.445597799544
2078 7.445313132344
2079 7.445028465144
2080 7.444743797944
2081 7.444459130744
2082 7.444174463544
2083 7.443889796344
2084 7.443605129144
2085 7.443320461944
2086 7.443035794744
2087 7.442751127544
2088 7.442466460344
2089 7.442181793144
2090 7.441897125944
2091 7.441612458744
2092 7.441221888918
2093 7.440476775518
2094 7.439731662118
2095 7.438986548718
2096 7.438241435318
2097 7.437496321918
2098 7.436751208518
2099 7.436006095118
2100 7.435260981718
2101 7.434515868318
2102 7.433770754918
2103 7.433025641518
2104 7.432280528118
2105 7.431535414718
2106 7.430790301318
2107 7.430045187918
2108 7.429300074518
2109 7.428554961118
2110 7.427809847718
2111 7.427064734318
2112 7.426319620918
2113 7.425574507518
2114 7.424829394118
2115 7.424084280718
2116 7.423339167318
2117 7.422594053918
2118 7.421848940518
2119 7.421103827118
2120 7.420358713718
2121 7.419613600318
2122 7.419114328306
2123 7.419438090506
2124 7.419761852706
2125 7.420085614906
2126 7.420409377106
2127 7.420733139306
2128 7.421056901506
2129 7.421380663706
2130 7.421704425906
2131 7.422028188106
2132 7.422351950306
2133 7.422675712506
2134 7.422999474706
2135 7.423323236906
2136 7.423646999106
2137 7.423970761306
2138 7.424294523506
2139 7.424618285706
2140 7.424942047906
2141 7.425265810106
2142 7.425589572306
2143 7.425913334506
2144 7.426237096706
2145 7.426560858906
2146 7.426884621106
2147 7.427208383306
2148 7.427532145506
2149 7.427855907706
2150 7.428179669906
2151 7.428503432106
2152 7.42865825761167
2153 7.428247512445
2154 7.42783676727833
2155 7.42742602211167
2156 7.427015276945
2157 7.42660453177833
2158 7.42619378661167
2159 7.425783041445
2160 7.42537229627833
2161 7.42496155111167
2162 7.424550805945
2163 7.42414006077833
2164 7.42372931561167
2165 7.423318570445
2166 7.42290782527833
2167 7.42249708011167
2168 7.422086334945
2169 7.42167558977833
2170 7.42126484461167
2171 7.420854099445
2172 7.42044335427833
2173 7.42003260911167
2174 7.419621863945
2175 7.41921111877833
2176 7.41880037361167
2177 7.418389628445
2178 7.41797888327833
2179 7.41756813811167
2180 7.417157392945
2181 7.41674664777833
2182 7.41639465615
2183 7.41623936115
2184 7.41608406615
2185 7.41592877115
2186 7.41577347615
2187 7.41561818115
2188 7.41546288615
2189 7.41530759115
2190 7.41515229615
2191 7.41499700115
2192 7.41484170615
2193 7.41468641115
2194 7.41453111615
2195 7.41437582115
2196 7.41422052615
2197 7.41406523115
2198 7.41390993615
2199 7.41375464115
2200 7.41359934615
2201 7.41344405115
2202 7.41328875615
2203 7.41313346115
2204 7.41297816615
2205 7.41282287115
2206 7.41266757615
2207 7.41251228115
2208 7.41235698615
2209 7.41220169115
2210 7.41204639615
2211 7.41189110115
2212 7.411740041324
2213 7.411603160124
2214 7.411466278924
2215 7.411329397724
2216 7.411192516524
2217 7.411055635324
2218 7.410918754124
2219 7.410781872924
2220 7.410644991724
2221 7.410508110524
2222 7.410371229324
2223 7.410234348124
2224 7.410097466924
2225 7.409960585724
2226 7.409823704524
2227 7.409686823324
2228 7.409549942124
2229 7.409413060924
2230 7.409276179724
2231 7.409139298524
2232 7.409002417324
2233 7.408865536124
2234 7.408728654924
2235 7.408591773724
2236 7.408454892524
2237 7.408318011324
2238 7.408181130124
2239 7.408044248924
2240 7.407907367724
2241 7.407770486524
2242 7.407592641542
2243 7.407277656942
2244 7.406962672342
2245 7.406647687742
2246 7.406332703142
2247 7.406017718542
2248 7.405702733942
2249 7.405387749342
2250 7.405072764742
2251 7.404757780142
2252 7.404442795542
2253 7.404127810942
2254 7.403812826342
2255 7.403497841742
2256 7.403182857142
2257 7.402867872542
2258 7.402552887942
2259 7.402237903342
2260 7.401922918742
2261 7.401607934142
2262 7.401292949542
2263 7.400977964942
2264 7.400662980342
2265 7.400347995742
2266 7.400033011142
2267 7.399718026542
2268 7.399403041942
2269 7.399088057342
2270 7.398773072742
2271 7.398458088142
2272 7.39821348276767
2273 7.398204494801
2274 7.39819550683433
2275 7.39818651886767
2276 7.398177530901
2277 7.39816854293433
2278 7.39815955496767
2279 7.398150567001
2280 7.39814157903433
2281 7.39813259106767
2282 7.398123603101
2283 7.39811461513433
2284 7.39810562716767
2285 7.398096639201
2286 7.39808765123433
2287 7.39807866326767
2288 7.398069675301
2289 7.39806068733433
2290 7.39805169936767
2291 7.398042711401
2292 7.39803372343433
2293 7.39802473546767
2294 7.398015747501
2295 7.39800675953433
2296 7.39799777156767
2297 7.397988783601
2298 7.39797979563433
2299 7.39797080766767
2300 7.397961819701
2301 7.39795283173433
2302 7.39788987126233
2303 7.397646220229
2304 7.39740256919567
2305 7.39715891816233
2306 7.396915267129
2307 7.39667161609567
2308 7.39642796506233
2309 7.396184314029
2310 7.39594066299567
2311 7.39569701196233
2312 7.395453360929
2313 7.39520970989567
2314 7.39496605886233
2315 7.394722407829
2316 7.39447875679567
2317 7.39423510576233
2318 7.393991454729
2319 7.39374780369567
2320 7.39350415266233
2321 7.393260501629
2322 7.39301685059567
2323 7.39277319956233
2324 7.392529548529
2325 7.39228589749567
2326 7.39204224646233
2327 7.391798595429
2328 7.39155494439567
2329 7.39131129336233
2330 7.391067642329
2331 7.39082399129567
2332 7.39044714199533
2333 7.389624368062
2334 7.38880159412867
2335 7.38797882019533
2336 7.387156046262
2337 7.38633327232867
2338 7.38551049839533
2339 7.384687724462
2340 7.38386495052867
2341 7.38304217659533
2342 7.382219402662
2343 7.38139662872867
2344 7.38057385479533
2345 7.379751080862
2346 7.37892830692867
2347 7.37810553299533
2348 7.377282759062
2349 7.37645998512867
2350 7.37563721119533
2351 7.374814437262
2352 7.37399166332867
2353 7.37316888939533
2354 7.372346115462
2355 7.37152334152867
2356 7.37070056759533
2357 7.369877793662
2358 7.36905501972867
2359 7.36823224579533
2360 7.367409471862
2361 7.36658669792867
2362 7.36580475522067
2363 7.365159508354
2364 7.36451426148733
2365 7.36386901462067
2366 7.363223767754
2367 7.36257852088733
2368 7.36193327402067
2369 7.361288027154
2370 7.36064278028733
2371 7.35999753342067
2372 7.359352286554
2373 7.35870703968733
2374 7.35806179282067
2375 7.357416545954
2376 7.35677129908733
2377 7.35612605222067
2378 7.355480805354
2379 7.35483555848733
2380 7.35419031162067
2381 7.353545064754
2382 7.35289981788733
2383 7.35225457102067
2384 7.351609324154
2385 7.35096407728733
2386 7.35031883042067
2387 7.349673583554
2388 7.34902833668733
2389 7.34838308982067
2390 7.347737842954
2391 7.34709259608733
2392 7.346606157474
2393 7.346651381274
2394 7.346696605074
2395 7.346741828874
2396 7.346787052674
2397 7.346832276474
2398 7.346877500274
2399 7.346922724074
2400 7.346967947874
2401 7.347013171674
2402 7.347058395474
2403 7.347103619274
2404 7.347148843074
2405 7.347194066874
2406 7.347239290674
2407 7.347284514474
2408 7.347329738274
2409 7.347374962074
2410 7.347420185874
2411 7.347465409674
2412 7.347510633474
2413 7.347555857274
2414 7.347601081074
2415 7.347646304874
2416 7.347691528674
2417 7.347736752474
2418 7.347781976274
2419 7.347827200074
2420 7.347872423874
2421 7.347917647674
2422 7.347860518691
2423 7.347460730391
2424 7.347060942091
2425 7.346661153791
2426 7.346261365491
2427 7.345861577191
2428 7.345461788891
2429 7.345062000591
2430 7.344662212291
2431 7.344262423991
2432 7.343862635691
2433 7.343462847391
2434 7.343063059091
2435 7.342663270791
2436 7.342263482491
2437 7.341863694191
2438 7.341463905891
2439 7.341064117591
2440 7.340664329291
2441 7.340264540991
2442 7.339864752691
2443 7.339464964391
2444 7.339065176091
2445 7.338665387791
2446 7.338265599491
2447 7.337865811191
2448 7.337466022891
2449 7.337066234591
2450 7.336666446291
2451 7.336266657991
2452 7.33597786132767
2453 7.336060645361
2454 7.33614342939433
2455 7.33622621342767
2456 7.336308997461
2457 7.33639178149433
2458 7.33647456552767
2459 7.336557349561
2460 7.33664013359433
2461 7.33672291762767
2462 7.336805701661
2463 7.33688848569433
2464 7.33697126972767
2465 7.337054053761
2466 7.33713683779433
2467 7.33721962182767
2468 7.337302405861
2469 7.33738518989433
2470 7.33746797392767
2471 7.337550757961
2472 7.33763354199433
2473 7.33771632602767
2474 7.337799110061
2475 7.33788189409433
2476 7.33796467812767
2477 7.338047462161
2478 7.33813024619433
2479 7.33821303022767
2480 7.338295814261
2481 7.33837859829433
2482 7.33834049957167
2483 7.337897706405
2484 7.33745491323833
2485 7.33701212007167
2486 7.336569326905
2487 7.33612653373833
2488 7.33568374057167
2489 7.335240947405
2490 7.33479815423833
2491 7.33435536107167
2492 7.333912567905
2493 7.33346977473833
2494 7.33302698157167
2495 7.332584188405
2496 7.33214139523833
2497 7.33169860207167
2498 7.331255808905
2499 7.33081301573833
2500 7.33037022257167
2501 7.329927429405
2502 7.32948463623833
2503 7.32904184307167
2504 7.328599049905
2505 7.32815625673833
2506 7.32771346357167
2507 7.327270670405
2508 7.32682787723833
2509 7.32638508407167
2510 7.325942290905
2511 7.32549949773833
2512 7.32514961268833
2513 7.325110767855
2514 7.32507192302167
2515 7.32503307818833
2516 7.324994233355
2517 7.32495538852167
2518 7.32491654368833
2519 7.324877698855
2520 7.32483885402167
2521 7.32480000918833
2522 7.324761164355
2523 7.32472231952167
2524 7.32468347468833
2525 7.324644629855
2526 7.32460578502167
2527 7.32456694018833
2528 7.324528095355
2529 7.32448925052167
2530 7.32445040568833
2531 7.324411560855
2532 7.32437271602167
2533 7.32433387118833
2534 7.324295026355
2535 7.32425618152167
2536 7.32421733668833
2537 7.324178491855
2538 7.32413964702167
2539 7.32410080218833
2540 7.324061957355
2541 7.32402311252167
2542 7.32379462541267
2543 7.322931248946
2544 7.32206787247933
2545 7.32120449601267
2546 7.320341119546
2547 7.31947774307933
2548 7.31861436661267
2549 7.317750990146
2550 7.31688761367933
2551 7.31602423721267
2552 7.315160860746
2553 7.31429748427933
2554 7.31343410781267
2555 7.312570731346
2556 7.31170735487933
2557 7.31084397841267
2558 7.309980601946
2559 7.30911722547933
2560 7.30825384901267
2561 7.307390472546
2562 7.30652709607933
2563 7.30566371961267
2564 7.304800343146
2565 7.30393696667933
2566 7.30307359021267
2567 7.302210213746
2568 7.30134683727933
2569 7.30048346081267
2570 7.299620084346
2571 7.29875670787933
2572 7.29798214872633
2573 7.297504934493
2574 7.29702772025967
2575 7.29655050602633
2576 7.296073291793
2577 7.29559607755967
2578 7.29511886332633
2579 7.294641649093
2580 7.29416443485967
2581 7.29368722062633
2582 7.293210006393
2583 7.29273279215967
2584 7.29225557792633
2585 7.291778363693
2586 7.29130114945967
2587 7.29082393522633
2588 7.290346720993
2589 7.28986950675967
2590 7.28939229252633
2591 7.288915078293
2592 7.28843786405967
2593 7.28796064982633
2594 7.287483435593
2595 7.28700622135967
2596 7.28652900712633
2597 7.286051792893
2598 7.28557457865967
2599 7.28509736442633
2600 7.284620150193
2601 7.28414293595967
2602 7.28362381072
2603 7.28296437472
2604 7.28230493872
2605 7.28164550272
2606 7.28098606672
2607 7.28032663072
2608 7.27966719472
2609 7.27900775872
2610 7.27834832272
2611 7.27768888672
2612 7.27702945072
2613 7.27637001472
2614 7.27571057872
2615 7.27505114272
2616 7.27439170672
2617 7.27373227072
2618 7.27307283472
2619 7.27241339872
2620 7.27175396272
2621 7.27109452672
2622 7.27043509072
2623 7.26977565472
2624 7.26911621872
2625 7.26845678272
2626 7.26779734672
2627 7.26713791072
2628 7.26647847472
2629 7.26581903872
2630 7.26515960272
2631 7.26450016672
2632 7.26394645478933
2633 7.263746688656
2634 7.26354692252267
2635 7.26334715638933
2636 7.263147390256
2637 7.26294762412267
2638 7.26274785798933
2639 7.262548091856
2640 7.26234832572267
2641 7.26214855958933
2642 7.261948793456
2643 7.26174902732267
2644 7.26154926118933
2645 7.261349495056
2646 7.26114972892267
2647 7.26094996278933
2648 7.260750196656
2649 7.26055043052267
2650 7.26035066438933
2651 7.260150898256
2652 7.25995113212267
2653 7.25975136598933
2654 7.259551599856
2655 7.25935183372267
2656 7.25915206758933
2657 7.258952301456
2658 7.25875253532267
2659 7.25855276918933
2660 7.258353003056
2661 7.25815323692267
2662 7.25790436764467
2663 7.257491109578
2664 7.25707785151133
2665 7.25666459344467
2666 7.256251335378
2667 7.25583807731133
2668 7.25542481924467
2669 7.255011561178
2670 7.25459830311133
2671 7.25418504504467
2672 7.253771786978
2673 7.25335852891133
2674 7.25294527084467
2675 7.252532012778
2676 7.25211875471133
2677 7.25170549664467
2678 7.251292238578
2679 7.25087898051133
2680 7.25046572244467
2681 7.250052464378
2682 7.24963920631133
2683 7.24922594824467
2684 7.248812690178
2685 7.24839943211133
2686 7.24798617404467
2687 7.247572915978
2688 7.24715965791133
2689 7.24674639984467
2690 7.246333141778
2691 7.24591988371133
2692 7.245527549749
2693 7.245205266049
2694 7.244882982349
2695 7.244560698649
2696 7.244238414949
2697 7.243916131249
2698 7.243593847549
2699 7.243271563849
2700 7.242949280149
2701 7.242626996449
2702 7.242304712749
2703 7.241982429049
2704 7.241660145349
2705 7.241337861649
2706 7.241015577949
2707 7.240693294249
2708 7.240371010549
2709 7.240048726849
2710 7.239726443149
2711 7.239404159449
2712 7.239081875749
2713 7.238759592049
2714 7.238437308349
2715 7.238115024649
2716 7.237792740949
2717 7.237470457249
2718 7.237148173549
2719 7.236825889849
2720 7.236503606149
2721 7.236181322449
2722 7.23599759151567
2723 7.236277711149
2724 7.23655783078233
2725 7.23683795041567
2726 7.237118070049
2727 7.23739818968233
2728 7.23767830931567
2729 7.237958428949
2730 7.23823854858233
2731 7.23851866821567
2732 7.238798787849
2733 7.23907890748233
2734 7.23935902711567
2735 7.239639146749
2736 7.23991926638233
2737 7.24019938601567
2738 7.240479505649
2739 7.24075962528233
2740 7.24103974491567
2741 7.241319864549
2742 7.24159998418233
2743 7.24188010381567
2744 7.242160223449
2745 7.24244034308233
2746 7.24272046271567
2747 7.243000582349
2748 7.24328070198233
2749 7.24356082161567
2750 7.243840941249
2751 7.24412106088233
2752 7.244283308751
2753 7.244050942451
2754 7.243818576151
2755 7.243586209851
2756 7.243353843551
2757 7.243121477251
2758 7.242889110951
2759 7.242656744651
2760 7.242424378351
2761 7.242192012051
2762 7.241959645751
2763 7.241727279451
2764 7.241494913151
2765 7.241262546851
2766 7.241030180551
2767 7.240797814251
2768 7.240565447951
2769 7.240333081651
2770 7.240100715351
2771 7.239868349051
2772 7.239635982751
2773 7.239403616451
2774 7.239171250151
2775 7.238938883851
2776 7.238706517551
2777 7.238474151251
2778 7.238241784951
2779 7.238009418651
2780 7.237777052351
2781 7.237544686051
2782 7.237197371754
2783 7.236465231554
2784 7.235733091354
2785 7.235000951154
2786 7.234268810954
2787 7.233536670754
2788 7.232804530554
2789 7.232072390354
2790 7.231340250154
2791 7.230608109954
2792 7.229875969754
2793 7.229143829554
2794 7.228411689354
2795 7.227679549154
2796 7.226947408954
2797 7.226215268754
2798 7.225483128554
2799 7.224750988354
2800 7.224018848154
2801 7.223286707954
2802 7.222554567754
2803 7.221822427554
2804 7.221090287354
2805 7.220358147154
2806 7.219626006954
2807 7.218893866754
2808 7.218161726554
2809 7.217429586354
2810 7.216697446154
2811 7.215965305954
2812 7.21523899362433
2813 7.214532191991
2814 7.21382539035767
2815 7.21311858872433
2816 7.212411787091
2817 7.21170498545767
2818 7.21099818382433
2819 7.210291382191
2820 7.20958458055767
2821 7.20887777892433
2822 7.208170977291
2823 7.20746417565767
2824 7.20675737402433
2825 7.206050572391
2826 7.20534377075767
2827 7.20463696912433
2828 7.203930167491
2829 7.20322336585767
2830 7.20251656422433
2831 7.201809762591
2832 7.20110296095767
2833 7.20039615932433
2834 7.199689357691
2835 7.19898255605767
2836 7.19827575442433
2837 7.197568952791
2838 7.19686215115767
2839 7.19615534952433
2840 7.195448547891
2841 7.19474174625767
2842 7.194166034903
2843 7.194029191003
2844 7.193892347103
2845 7.193755503203
2846 7.193618659303
2847 7.193481815403
2848 7.193344971503
2849 7.193208127603
2850 7.193071283703
2851 7.192934439803
2852 7.192797595903
2853 7.192660752003
2854 7.192523908103
2855 7.192387064203
2856 7.192250220303
2857 7.192113376403
2858 7.191976532503
2859 7.191839688603
2860 7.191702844703
2861 7.191566000803
2862 7.191429156903
2863 7.191292313003
2864 7.191155469103
2865 7.191018625203
2866 7.190881781303
2867 7.190744937403
2868 7.190608093503
2869 7.190471249603
2870 7.190334405703
2871 7.190197561803
2872 7.19005514146867
2873 7.189894052202
2874 7.18973296293533
2875 7.18957187366867
2876 7.189410784402
2877 7.18924969513533
2878 7.18908860586867
2879 7.188927516602
2880 7.18876642733533
2881 7.18860533806867
2882 7.188444248802
2883 7.18828315953533
2884 7.18812207026867
2885 7.187960981002
2886 7.18779989173533
2887 7.18763880246867
2888 7.187477713202
2889 7.18731662393533
2890 7.18715553466867
2891 7.186994445402
2892 7.18683335613533
2893 7.18667226686867
2894 7.186511177602
2895 7.18635008833533
2896 7.18618899906867
2897 7.186027909802
2898 7.18586682053533
2899 7.18570573126867
2900 7.185544642002
2901 7.18538355273533
2902 7.18520435417333
2903 7.18496452884
2904 7.18472470350667
2905 7.18448487817333
2906 7.18424505284
2907 7.18400522750667
2908 7.18376540217333
2909 7.18352557684
2910 7.18328575150667
2911 7.18304592617333
2912 7.18280610084
2913 7.18256627550667
2914 7.18232645017333
2915 7.18208662484
2916 7.18184679950667
2917 7.18160697417333
2918 7.18136714884
2919 7.18112732350667
2920 7.18088749817333
2921 7.18064767284
2922 7.18040784750667
2923 7.18016802217333
2924 7.17992819684
2925 7.17968837150667
2926 7.17944854617333
2927 7.17920872084
2928 7.17896889550667
2929 7.17872907017333
2930 7.17848924484
2931 7.17824941950667
2932 7.17797252028933
2933 7.177571504156
2934 7.17717048802267
2935 7.17676947188933
2936 7.176368455756
2937 7.17596743962267
2938 7.17556642348933
2939 7.175165407356
2940 7.17476439122267
2941 7.17436337508933
2942 7.173962358956
2943 7.17356134282267
2944 7.17316032668933
2945 7.172759310556
2946 7.17235829442267
2947 7.17195727828933
2948 7.171556262156
2949 7.17115524602267
2950 7.17075422988933
2951 7.170353213756
2952 7.16995219762267
2953 7.16955118148933
2954 7.169150165356
2955 7.16874914922267
2956 7.16834813308933
2957 7.167947116956
2958 7.16754610082267
2959 7.16714508468933
2960 7.166744068556
2961 7.16634305242267
2962 7.165885045954
2963 7.165236245754
2964 7.164587445554
2965 7.163938645354
2966 7.163289845154
2967 7.162641044954
2968 7.161992244754
2969 7.161343444554
2970 7.160694644354
2971 7.160045844154
2972 7.159397043954
2973 7.158748243754
2974 7.158099443554
2975 7.157450643354
2976 7.156801843154
2977 7.156153042954
2978 7.155504242754
2979 7.154855442554
2980 7.154206642354
2981 7.153557842154
2982 7.152909041954
2983 7.152260241754
2984 7.151611441554
2985 7.150962641354
2986 7.150313841154
2987 7.149665040954
2988 7.149016240754
2989 7.148367440554
2990 7.147718640354
2991 7.147069840154
2992 7.14931758949733
2993 7.161262482964
2994 7.17320737643067
2995 7.18515226989733
2996 7.197097163364
2997 7.20904205683067
2998 7.22098695029733
2999 7.232931843764
3000 7.24487673723067
3001 7.25682163069733
3002 7.268766524164
3003 7.28071141763067
3004 7.29265631109733
3005 7.304601204564
3006 7.31654609803067
3007 7.32849099149733
3008 7.340435884964
3009 7.35238077843067
3010 7.36432567189733
3011 7.376270565364
3012 7.38821545883067
3013 7.40016035229733
3014 7.412105245764
3015 7.42405013923067
3016 7.43599503269733
3017 7.447939926164
3018 7.45988481963067
3019 7.47182971309733
3020 7.483774606564
3021 7.49571950003067
3022 7.502062521969
3023 7.489651452269
3024 7.477240382569
3025 7.464829312869
3026 7.452418243169
3027 7.440007173469
3028 7.427596103769
3029 7.415185034069
3030 7.402773964369
3031 7.390362894669
3032 7.377951824969
3033 7.365540755269
3034 7.353129685569
3035 7.340718615869
3036 7.328307546169
3037 7.315896476469
3038 7.303485406769
3039 7.291074337069
3040 7.278663267369
3041 7.266252197669
3042 7.253841127969
3043 7.241430058269
3044 7.229018988569
3045 7.216607918869
3046 7.204196849169
3047 7.191785779469
3048 7.179374709769
3049 7.166963640069
3050 7.154552570369
3051 7.142141500669
3052 7.13243498322833
3053 7.131782836395
3054 7.13113068956167
3055 7.13047854272833
3056 7.129826395895
3057 7.12917424906167
3058 7.12852210222833
3059 7.127869955395
3060 7.12721780856167
3061 7.12656566172833
3062 7.125913514895
3063 7.12526136806167
3064 7.12460922122833
3065 7.123957074395
3066 7.12330492756167
3067 7.12265278072833
3068 7.122000633895
3069 7.12134848706167
3070 7.12069634022833
3071 7.120044193395
3072 7.11939204656167
3073 7.11873989972833
3074 7.118087752895
3075 7.11743560606167
3076 7.11678345922833
3077 7.116131312395
3078 7.11547916556167
3079 7.11482701872833
3080 7.114174871895
3081 7.11352272506167
3082 7.112941261882
3083 7.112596435282
3084 7.112251608682
3085 7.111906782082
3086 7.111561955482
3087 7.111217128882
3088 7.110872302282
3089 7.110527475682
3090 7.110182649082
3091 7.109837822482
3092 7.109492995882
3093 7.109148169282
3094 7.108803342682
3095 7.108458516082
3096 7.108113689482
3097 7.107768862882
3098 7.107424036282
3099 7.107079209682
3100 7.106734383082
3101 7.106389556482
3102 7.106044729882
3103 7.105699903282
3104 7.105355076682
3105 7.105010250082
3106 7.104665423482
3107 7.104320596882
3108 7.103975770282
3109 7.103630943682
3110 7.103286117082
3111 7.102941290482
3112 7.102560319129
3113 7.102058341429
3114 7.101556363729
3115 7.101054386029
3116 7.100552408329
3117 7.100050430629
3118 7.099548452929
3119 7.099046475229
3120 7.098544497529
3121 7.098042519829
3122 7.097540542129
3123 7.097038564429
3124 7.096536586729
3125 7.096034609029
3126 7.095532631329
3127 7.095030653629
3128 7.094528675929
3129 7.094026698229
3130 7.093524720529
3131 7.093022742829
3132 7.092520765129
3133 7.092018787429
3134 7.091516809729
3135 7.091014832029
3136 7.090512854329
3137 7.090010876629
3138 7.089508898929
3139 7.089006921229
3140 7.088504943529
3141 7.088002965829
3142 7.087458415198
3143 7.086771337798
3144 7.086084260398
3145 7.085397182998
3146 7.084710105598
3147 7.084023028198
3148 7.083335950798
3149 7.082648873398
3150 7.081961795998
3151 7.081274718598
3152 7.080587641198
3153 7.079900563798
3154 7.079213486398
3155 7.078526408998
3156 7.077839331598
3157 7.077152254198
3158 7.076465176798
3159 7.075778099398
3160 7.075091021998
3161 7.074403944598
3162 7.073716867198
3163 7.073029789798
3164 7.072342712398
3165 7.071655634998
3166 7.070968557598
3167 7.070281480198
3168 7.069594402798
3169 7.068907325398
3170 7.068220247998
3171 7.067533170598
3172 7.06685865638067
3173 7.066226201514
3174 7.06559374664733
3175 7.06496129178067
3176 7.064328836914
3177 7.06369638204733
3178 7.06306392718067
3179 7.062431472314
3180 7.06179901744733
3181 7.06116656258067
3182 7.060534107714
3183 7.05990165284733
3184 7.05926919798067
3185 7.058636743114
3186 7.05800428824733
3187 7.05737183338067
3188 7.056739378514
3189 7.05610692364733
3190 7.05547446878067
3191 7.054842013914
3192 7.05420955904733
3193 7.05357710418067
3194 7.052944649314
3195 7.05231219444733
3196 7.05167973958067
3197 7.051047284714
3198 7.05041482984733
3199 7.04978237498067
3200 7.049149920114
3201 7.04851746524733
3202 7.047950854819
3203 7.047604680119
3204 7.047258505419
3205 7.046912330719
3206 7.046566156019
3207 7.046219981319
3208 7.045873806619
3209 7.045527631919
3210 7.045181457219
3211 7.044835282519
3212 7.044489107819
3213 7.044142933119
3214 7.043796758419
3215 7.043450583719
3216 7.043104409019
3217 7.042758234319
3218 7.042412059619
3219 7.042065884919
3220 7.041719710219
3221 7.041373535519
3222 7.041027360819
3223 7.040681186119
3224 7.040335011419
3225 7.039988836719
3226 7.039642662019
3227 7.039296487319
3228 7.038950312619
3229 7.038604137919
3230 7.038257963219
3231 7.037911788519
3232 7.03758582933933
3233 7.037327548206
3234 7.03706926707267
3235 7.03681098593933
3236 7.036552704806
3237 7.03629442367267
3238 7.03603614253933
3239 7.035777861406
3240 7.03551958027267
3241 7.03526129913933
3242 7.035003018006
3243 7.03474473687267
3244 7.03448645573933
3245 7.034228174606
3246 7.03396989347267
3247 7.03371161233933
3248 7.033453331206
3249 7.03319505007267
3250 7.03293676893933
3251 7.032678487806
3252 7.03242020667267
3253 7.03216192553933
3254 7.031903644406
3255 7.03164536327267
3256 7.03138708213933
3257 7.031128801006
3258 7.03087051987267
3259 7.03061223873933
3260 7.030353957606
3261 7.03009567647267
3262 7.02975783416867
3263 7.029153634902
3264 7.02854943563533
3265 7.02794523636867
3266 7.027341037102
3267 7.02673683783533
3268 7.02613263856867
3269 7.025528439302
3270 7.02492424003533
3271 7.02432004076867
3272 7.023715841502
3273 7.02311164223533
3274 7.02250744296867
3275 7.021903243702
3276 7.02129904443533
3277 7.02069484516867
3278 7.020090645902
3279 7.01948644663533
3280 7.01888224736867
3281 7.018278048102
3282 7.01767384883533
3283 7.01706964956867
3284 7.016465450302
3285 7.01586125103533
3286 7.01525705176867
3287 7.014652852502
3288 7.01404865323533
3289 7.01344445396867
3290 7.012840254702
3291 7.01223605543533
3292 7.01173663258433
3293 7.011587982951
3294 7.01143933331767
3295 7.01129068368433
3296 7.011142034051
3297 7.01099338441767
3298 7.01084473478433
3299 7.010696085151
3300 7.01054743551767
3301 7.01039878588433
3302 7.010250136251
3303 7.01010148661767
3304 7.00995283698433
3305 7.009804187351
3306 7.00965553771767
3307 7.00950688808433
3308 7.009358238451
3309 7.00920958881767
3310 7.00906093918433
3311 7.008912289551
3312 7.00876363991767
3313 7.00861499028433
3314 7.008466340651
3315 7.00831769101767
3316 7.00816904138433
3317 7.008020391751
3318 7.00787174211767
3319 7.00772309248433
3320 7.007574442851
3321 7.00742579321767
3322 7.007306838961
3323 7.007287299661
3324 7.007267760361
3325 7.007248221061
3326 7.007228681761
3327 7.007209142461
3328 7.007189603161
3329 7.007170063861
3330 7.007150524561
3331 7.007130985261
3332 7.007111445961
3333 7.007091906661
3334 7.007072367361
3335 7.007052828061
3336 7.007033288761
3337 7.007013749461
3338 7.006994210161
3339 7.006974670861
3340 7.006955131561
3341 7.006935592261
3342 7.006916052961
3343 7.006896513661
3344 7.006876974361
3345 7.006857435061
3346 7.006837895761
3347 7.006818356461
3348 7.006798817161
3349 7.006779277861
3350 7.006759738561
3351 7.006740199261
3352 7.00678728892167
3353 7.007057440755
3354 7.00732759258833
3355 7.00759774442167
3356 7.007867896255
3357 7.00813804808833
3358 7.00840819992167
3359 7.008678351755
3360 7.00894850358833
3361 7.00921865542167
3362 7.009488807255
3363 7.00975895908833
3364 7.01002911092167
3365 7.010299262755
3366 7.01056941458833
3367 7.01083956642167
3368 7.011109718255
3369 7.01137987008833
3370 7.01165002192167
3371 7.011920173755
3372 7.01219032558833
3373 7.01246047742167
3374 7.012730629255
3375 7.01300078108833
3376 7.01327093292167
3377 7.013541084755
3378 7.01381123658833
3379 7.01408138842167
3380 7.014351540255
3381 7.01462169208833
3382 7.01475905388933
3383 7.014451857756
3384 7.01414466162267
3385 7.01383746548933
3386 7.013530269356
3387 7.01322307322267
3388 7.01291587708933
3389 7.012608680956
3390 7.01230148482267
3391 7.01199428868933
3392 7.011687092556
3393 7.01137989642267
3394 7.01107270028933
3395 7.010765504156
3396 7.01045830802267
3397 7.01015111188933
3398 7.009843915756
3399 7.00953671962267
3400 7.00922952348933
3401 7.008922327356
3402 7.00861513122267
3403 7.00830793508933
3404 7.008000738956
3405 7.00769354282267
3406 7.00738634668933
3407 7.007079150556
3408 7.00677195442267
3409 7.00646475828933
3410 7.006157562156
3411 7.00585036602267
3412 7.00547514955133
3413 7.004872212818
3414 7.00426927608467
3415 7.00366633935133
3416 7.003063402618
3417 7.00246046588467
3418 7.00185752915133
3419 7.001254592418
3420 7.00065165568467
3421 7.00004871895133
3422 6.999445782218
3423 6.99884284548467
3424 6.99823990875133
3425 6.997636972018
3426 6.99703403528467
3427 6.99643109855133
3428 6.995828161818
3429 6.99522522508467
3430 6.99462228835133
3431 6.994019351618
3432 6.99341641488467
3433 6.99281347815133
3434 6.992210541418
3435 6.99160760468467
3436 6.99100466795133
3437 6.990401731218
3438 6.98979879448467
3439 6.98919585775133
3440 6.988592921018
3441 6.98798998428467
3442 6.987267758266
3443 6.986146172466
3444 6.985024586666
3445 6.983903000866
3446 6.982781415066
3447 6.981659829266
3448 6.980538243466
3449 6.979416657666
3450 6.978295071866
3451 6.977173486066
3452 6.976051900266
3453 6.974930314466
3454 6.973808728666
3455 6.972687142866
3456 6.971565557066
3457 6.970443971266
3458 6.969322385466
3459 6.968200799666
3460 6.967079213866
3461 6.965957628066
3462 6.964836042266
3463 6.963714456466
3464 6.962592870666
3465 6.961471284866
3466 6.960349699066
3467 6.959228113266
3468 6.958106527466
3469 6.956984941666
3470 6.955863355866
3471 6.954741770066
3472 6.94880098889933
3473 6.926726379766
3474 6.90465177063267
3475 6.88257716149933
3476 6.860502552366
3477 6.83842794323267
3478 6.81635333409933
3479 6.794278724966
3480 6.77220411583267
3481 6.75012950669933
3482 6.728054897566
3483 6.70598028843267
3484 6.68390567929933
3485 6.661831070166
3486 6.63975646103267
3487 6.61768185189933
3488 6.595607242766
3489 6.57353263363267
3490 6.55145802449933
3491 6.529383415366
3492 6.50730880623267
3493 6.48523419709933
3494 6.463159587966
3495 6.44108497883267
3496 6.41901036969933
3497 6.396935760566
3498 6.37486115143267
3499 6.35278654229933
3500 6.330711933166
3501 6.30863732403267
3502 6.28725576
3503 6.26819439043478
3504 6.24913302086956
3505 6.23007165130435
3506 6.21101028173913
3507 6.19194891217391
3508 6.17288754260869
3509 6.15382617304348
3510 6.13476480347826
3511 6.11570343391304
3512 6.096855227132
3513 6.078420806932
3514 6.059986386732
3515 6.041551966532
3516 6.023117546332
3517 6.003310101208
3518 5.980837372408
3519 5.958364643608
3520 5.935891914808
3521 5.913419186008
3522 5.893641138156
3523 5.879093941556
3524 5.864546744956
3525 5.849999548356
3526 5.835452351756
3527 5.821447382532
3528 5.808494972332
3529 5.795542562132
3530 5.782590151932
3531 5.769637741732
3532 5.753790504756
3533 5.732323898156
3534 5.710857291556
3535 5.689390684956
3536 5.667924078356
3537 5.647275994692
3538 5.628216808492
3539 5.609157622292
3540 5.590098436092
3541 5.571039249892
3542 5.55131214532
3543 5.53028849332
3544 5.50926484132
3545 5.48824118932
3546 5.46721753732
3547 5.447033330088
3548 5.428478633288
3549 5.409923936488
3550 5.391369239688
3551 5.372814542888
3552 5.35392723592
3553 5.33439427392
3554 5.31486131192
3555 5.29532834992
3556 5.27579538792
3557 5.258882861612
3558 5.247057063412
3559 5.235231265212
3560 5.223405467012
3561 5.211579668812
3562 5.196287242376
3563 5.174265478776
3564 5.152243715176
3565 5.130221951576
3566 5.108200187976
3567 5.089426069628
3568 5.076956203828
3569 5.064486338028
3570 5.052016472228
3571 5.039546606428
3572 5.01170691135999
3573 4.95403166535999
3574 4.89635641935999
3575 4.83868117335999
3576 4.78100592735999
3577 4.741827747396
3578 4.738555636796
3579 4.735283526196
3580 4.732011415596
3581 4.728739304996
3582 4.725467194396
3583 4.722195083796
3584 4.718922973196
3585 4.715650862596
3586 4.712378751996
3587 4.714300552048
3588 4.726304649248
3589 4.738308746448
3590 4.750312843648
3591 4.762316940848
3592 4.771043275324
3593 4.773406893924
3594 4.775770512524
3595 4.778134131124
3596 4.780497749724
3597 4.774894500428
3598 4.753826154628
3599 4.732757808828
3600 4.711689463028
3601 4.690621117228
3602 4.84371509882407
3603 5.33488889242407
3604 5.82606268602407
3605 6.31723647962407
3606 6.80841027322407
3607 7.05026862504996
3608 6.80816170754996
3609 6.56605479004996
3610 6.32394787254996
3611 6.08184095504996
3612 5.83973403754996
3613 5.59762712004996
3614 5.35552020254996
3615 5.11341328504997
3616 4.87130636754996
3617 4.71414424986
3618 4.72187497886
3619 4.72960570786
3620 4.73733643686
3621 4.74506716586
3622 4.75279789486
3623 4.76052862386
3624 4.76825935286
3625 4.77599008186
3626 4.78372081086
3627 4.789008378808
3628 4.789553340008
3629 4.790098301208
3630 4.790643262408
3631 4.791188223608
3632 4.78923521188
3633 4.78243319388
3634 4.77563117588
3635 4.76882915788
3636 4.76202713988
3637 4.76855213350001
3638 4.8009472085
3639 4.8333422835
3640 4.8657373585
3641 4.8981324335
3642 4.922230693112
3643 4.930223369912
3644 4.938216046712
3645 4.946208723512
3646 4.954201400312
3647 4.94481667887999
3648 4.90169936087999
3649 4.85858204287999
3650 4.81546472487999
3651 4.77234740687999
3652 4.749964661596
3653 4.767831380996
3654 4.785698100396
3655 4.803564819796
3656 4.821431539196
3657 4.835465490616
3658 4.842059363016
3659 4.848653235416
3660 4.855247107816
3661 4.861840980216
3662 4.8733363717
3663 4.8943464767
3664 4.9153565817
3665 4.9363666867
3666 4.9573767917
3667 4.97892182584
3668 5.00150525184
3669 5.02408867784
3670 5.04667210384
3671 5.06925552984
3672 5.092094042472
3673 5.115427723272
3674 5.138761404072
3675 5.162095084872
3676 5.185428765672
3677 5.21530310324401
3678 5.25787400984401
3679 5.30044491644401
3680 5.34301582304401
3681 5.38558672964401
3682 5.43185510394401
3683 5.48530091554401
3684 5.53874672714401
3685 5.59219253874401
3686 5.64563835034401
3687 5.69883576420001
3688 5.75155099420001
3689 5.80426622420001
3690 5.85698145420001
3691 5.90969668420001
3692 5.95787889500401
3693 5.99726171560401
3694 6.03664453620401
3695 6.07602735680401
3696 6.11541017740401
3697 6.151457398764
3698 6.181029633364
3699 6.210601867964
3700 6.240174102564
3701 6.269746337164
3702 6.297052265928
3703 6.319958895128
3704 6.342865524328
3705 6.365772153528
3706 6.388678782728
3707 6.408323794444
3708 6.421637431044
3709 6.434951067644
3710 6.448264704244
3711 6.461578340844
3712 6.473737560212
3713 6.483655852012
3714 6.493574143812
3715 6.503492435612
3716 6.513410727412
3717 6.522296208012
3718 6.529176819812
3719 6.536057431612
3720 6.542938043412
3721 6.549818655212
3722 6.55778623076
3723 6.56786379476
3724 6.57794135876
3725 6.58801892276
3726 6.59809648676
3727 6.606308721544
3728 6.610900023144
3729 6.615491324744
3730 6.620082626344
3731 6.624673927944
3732 6.629420046912
3733 6.634466693712
3734 6.639513340512
3735 6.644559987312
3736 6.649606634112
3737 6.653880569984
3738 6.656654537584
3739 6.659428505184
3740 6.662202472784
3741 6.664976440384
3742 6.667506168508
3743 6.669561784708
3744 6.671617400908
3745 6.673673017108
3746 6.675728633308
3747 6.677806674344
3748 6.679928245944
3749 6.682049817544
3750 6.684171389144
3751 6.686292960744
3752 6.688266770588
3753 6.689953748788
3754 6.691640726988
3755 6.693327705188
3756 6.695014683388
3757 6.696736209872
3758 6.698524800672
3759 6.700313391472
3760 6.702101982272
3761 6.703890573072
3762 6.706162924576
3763 6.709374340976
3764 6.712585757376
3765 6.715797173776
3766 6.719008590176
3767 6.721780539032
3768 6.723699403832
3769 6.725618268632
3770 6.727537133432
3771 6.729455998232
3772 6.730967807688
3773 6.731689450888
3774 6.732411094088
3775 6.733132737288
3776 6.733854380488
3777 6.73500452018
3778 6.73698644718
3779 6.73896837418
3780 6.74095030118
3781 6.74293222818
3782 6.744934785224
3783 6.746977388824
3784 6.749019992424
3785 6.751062596024
3786 6.753105199624
3787 6.755147803224
3788 6.757190406824
3789 6.759233010424
3790 6.761275614024
3791 6.763318217624
3792 6.764873037912
3793 6.765480984712
3794 6.766088931512
3795 6.766696878312
3796 6.767304825112
3797 6.767049683476
3798 6.765119134876
3799 6.763188586276
3800 6.761258037676
3801 6.759327489076
3802 6.757807858968
3803 6.757085894168
3804 6.756363929368
3805 6.755641964568
3806 6.754919999768
3807 6.755803814032
3808 6.759804728832
3809 6.763805643632
3810 6.767806558432
3811 6.771807473232
3812 6.774919338488
3813 6.776305401688
3814 6.777691464888
3815 6.779077528088
3816 6.780463591288
3817 6.78250940844
3818 6.78583592444
3819 6.78916244044
3820 6.79248895644
3821 6.79581547244
3822 6.798078501352
3823 6.798277114152
3824 6.798475726952
3825 6.798674339752
3826 6.798872952552
3827 6.799038517148
3828 6.799139929348
3829 6.799241341548
3830 6.799342753748
3831 6.799444165948
3832 6.799568250844
3833 6.799736347444
3834 6.799904444044
3835 6.800072540644
3836 6.800240637244
3837 6.801048190136
3838 6.803097040536
3839 6.805145890936
3840 6.807194741336
3841 6.809243591736
3842 6.810723830012
3843 6.811100291812
3844 6.811476753612
3845 6.811853215412
3846 6.812229677212
3847 6.81309943726
3848 6.81492677626
3849 6.81675411526
3850 6.81858145426
3851 6.82040879326
3852 6.822117481644
3853 6.823595848244
3854 6.825074214844
3855 6.826552581444
3856 6.828030948044
3857 6.829852585648
3858 6.832340572848
3859 6.834828560048
3860 6.837316547248
3861 6.839804534448
3862 6.842482072056
3863 6.845527560456
3864 6.848573048856
3865 6.851618537256
3866 6.854664025656
3867 6.856200251268
3868 6.854806731468
3869 6.853413211668
3870 6.852019691868
3871 6.850626172068
3872 6.851450349324
3873 6.856579467924
3874 6.861708586524
3875 6.866837705124
3876 6.871966823724
3877 6.874707510528
3878 6.872811829728
3879 6.870916148928
3880 6.869020468128
3881 6.867124787328
3882 6.867453559724
3883 6.872100388324
3884 6.876747216924
3885 6.881394045524
3886 6.886040874124
3887 6.890603633032
3888 6.895003197832
3889 6.899402762632
3890 6.903802327432
3891 6.908201892232
3892 6.9121616994
3893 6.9152678594
3894 6.9183740194
3895 6.9214801794
3896 6.9245863394
3897 6.927477710656
3898 6.929952139056
3899 6.932426567456
3900 6.934900995856
3901 6.937375424256
3902 6.939861865468
3903 6.942371625668
3904 6.944881385868
3905 6.947391146068
3906 6.949900906268
3907 6.952316870396
3908 6.954550759796
3909 6.956784649196
3910 6.959018538596
3911 6.961252427996
3912 6.963642378416
3913 6.966335270816
3914 6.969028163216
3915 6.971721055616
3916 6.974413948016
3917 6.976654640756
3918 6.978017534156
3919 6.979380427556
3920 6.980743320956
3921 6.982106214356
3922 6.98375983584
3923 6.98597781184
3924 6.98819578784
3925 6.99041376384
3926 6.99263173984
3927 6.995652368528
3928 7.000231087728
3929 7.004809806928
3930 7.009388526128
3931 7.013967245328
3932 7.017500314792
3933 7.019003593592
3934 7.020506872392
3935 7.022010151192
3936 7.023513429992
3937 7.025007260124
3938 7.026482748724
3939 7.027958237324
3940 7.029433725924
3941 7.030909214524
3942 7.031737449476
3943 7.031309250876
3944 7.030881052276
3945 7.030452853676
3946 7.030024655076
3947 7.032176159012
3948 7.039335320812
3949 7.046494482612
3950 7.053653644412
3951 7.060812806212
3952 7.065265819612
3953 7.064465721412
3954 7.063665623212
3955 7.062865525012
3956 7.062065426812
3957 7.062261759948
3958 7.064392342148
3959 7.066522924348
3960 7.068653506548
3961 7.070784088748
3962 7.073312986456
3963 7.076615084856
3964 7.079917183256
3965 7.083219281656
3966 7.086521380056
3967 7.06666642382799
3968 7.00185953802799
3969 6.93705265222799
3970 6.87224576642799
3971 6.80743888062799
3972 6.78768312600801
3973 6.85537956720801
3974 6.92307600840801
3975 6.99077244960801
3976 7.05846889080801
3977 7.104094627972
3978 7.106877233772
3979 7.109659839572
3980 7.112442445372
3981 7.115225051172
3982 7.117032371596
3983 7.116946490996
3984 7.116860610396
3985 7.116774729796
3986 7.116688849196
3987 7.117557322892
3988 7.120278366692
3989 7.122999410492
3990 7.125720454292
3991 7.128441498092
3992 7.131037558368
3993 7.133391003568
3994 7.135744448768
3995 7.138097893968
3996 7.140451339168
3997 7.142565091236
3998 7.144213556636
3999 7.145862022036
4000 7.147510487436
4001 7.149158952836
4002 7.151283741848
4003 7.154333159048
4004 7.157382576248
4005 7.160431993448
4006 7.163481410648
4007 7.166251664252
4008 7.168480012052
4009 7.170708359852
4010 7.172936707652
4011 7.175165055452
4012 7.176607877996
4013 7.176525857396
4014 7.176443836796
4015 7.176361816196
4016 7.176279795596
4017 7.177091397608
4018 7.179637678808
4019 7.182183960008
4020 7.184730241208
4021 7.187276522408
4022 7.189896444888
4023 7.192659318088
4024 7.195422191288
4025 7.198185064488
4026 7.200947937688
4027 7.203380896852
4028 7.205173434652
4029 7.206965972452
4030 7.208758510252
4031 7.210551048052
4032 7.212800922504
4033 7.215938568104
4034 7.219076213704
4035 7.222213859304
4036 7.225351504904
4037 7.227959790428
4038 7.229540494628
4039 7.231121198828
4040 7.232701903028
4041 7.234282607228
4042 7.236534237032
4043 7.240088251832
4044 7.243642266632
4045 7.247196281432
4046 7.250750296232
4047 7.253765681468
4048 7.255735491668
4049 7.257705301868
4050 7.259675112068
4051 7.261644922268
4052 7.264990233612
4053 7.271005635412
4054 7.277021037212
4055 7.283036439012
4056 7.289051840812
4057 7.295067242612
4058 7.301082644412
4059 7.307098046212
4060 7.313113448012
4061 7.319128849812
4062 7.325144251612
4063 7.331159653412
4064 7.337175055212
4065 7.343190457012
4066 7.349205858812
4067 7.354878894008
4068 7.359887335208
4069 7.364895776408
4070 7.369904217608
4071 7.374912658808
4072 7.379921100008
4073 7.384929541208
4074 7.389937982408
4075 7.394946423608
4076 7.399954864808
4077 7.404963306008
4078 7.409971747208
4079 7.414980188408
4080 7.419988629608
4081 7.424997070808
4082 7.430399882836
4083 7.436568238236
4084 7.442736593636
4085 7.448904949036
4086 7.455073304436
4087 7.461241659836
4088 7.467410015236
4089 7.473578370636
4090 7.479746726036
4091 7.485915081436
4092 7.492083436836
4093 7.498251792236
4094 7.504420147636
4095 7.510588503036
4096 7.516756858436
4097 7.52149538712933
4098 7.52345836986267
4099 7.525421352596
4100 7.52738433532933
4101 7.52934731806267
4102 7.531310300796
4103 7.53327328352933
4104 7.53523626626267
4105 7.537199248996
4106 7.53916223172933
4107 7.54112521446267
4108 7.543088197196
4109 7.54505117992933
4110 7.54701416266267
4111 7.548977145396
4112 7.55094012812933
4113 7.55290311086267
4114 7.554866093596
4115 7.55682907632933
4116 7.55879205906267
4117 7.560755041796
4118 7.56271802452933
4119 7.56468100726267
4120 7.566643989996
4121 7.56860697272933
4122 7.57056995546267
4123 7.572532938196
4124 7.57449592092933
4125 7.57645890366267
4126 7.578421886396
4127 7.58038486912933
4128 7.58234785186267
4129 7.584310834596
4130 7.58627381732933
4131 7.58823680006267
4132 7.590199782796
4133 7.59216276552933
4134 7.59412574826267
4135 7.596088730996
4136 7.59805171372933
4137 7.60001469646267
4138 7.601977679196
4139 7.60394066192933
4140 7.60590364466267
4141 7.607866627396
4142 7.608268215708
4143 7.605638861908
4144 7.603009508108
4145 7.600380154308
4146 7.597750800508
4147 7.595121446708
4148 7.592492092908
4149 7.589862739108
4150 7.587233385308
4151 7.584604031508
4152 7.581974677708
4153 7.579345323908
4154 7.576715970108
4155 7.574086616308
4156 7.571457262508
4157 7.569980392428
4158 7.570740696628
4159 7.571501000828
4160 7.572261305028
4161 7.573021609228
4162 7.573781913428
4163 7.574542217628
4164 7.575302521828
4165 7.576062826028
4166 7.576823130228
4167 7.577583434428
4168 7.578343738628
4169 7.579104042828
4170 7.579864347028
4171 7.580624651228
4172 7.58061684488133
4173 7.57911800041467
4174 7.577619155948
4175 7.57612031148133
4176 7.57462146701467
4177 7.573122622548
4178 7.57162377808134
4179 7.57012493361467
4180 7.568626089148
4181 7.56712724468133
4182 7.56562840021467
4183 7.564129555748
4184 7.56263071128133
4185 7.56113186681467
4186 7.559633022348
