-93 7.285351079951
-92 7.285204666651
-91 7.285058253351
-90 7.284911840051
-89 7.284765426751
-88 7.284619013451
-87 7.284472600151
-86 7.284326186851
-85 7.284179773551
-84 7.284033360251
-83 7.283753297169
-82 7.283354714469
-81 7.282956131769
-80 7.282557549069
-79 7.282158966369
-78 7.281760383669
-77 7.281361800969
-76 7.280963218269
-75 7.280564635569
-74 7.280166052869
-73 7.279773769484
-72 7.279387072284
-71 7.279000375084
-70 7.278613677884
-69 7.278226980684
-68 7.277840283484
-67 7.277453586284
-66 7.277066889084
-65 7.276680191884
-64 7.276293494684
-63 7.276056011776
-62 7.275950850976
-61 7.275845690176
-60 7.275740529376
-59 7.275635368576
-58 7.275530207776
-57 7.275425046976
-56 7.275319886176
-55 7.275214725376
-54 7.275109564576
-53 7.274978273875
-52 7.274823811375
-51 7.274669348875
-50 7.274514886375
-49 7.274360423875
-48 7.274205961375
-47 7.274051498875
-46 7.273897036375
-45 7.273742573875
-44 7.273588111375
-43 7.27353479222
-42 7.27357116622
-41 7.27360754022
-40 7.27364391422
-39 7.27368028822
-38 7.27371666222
-37 7.27375303622
-36 7.27378941022
-35 7.27382578422
-34 7.27386215822
-33 7.273660040753
-32 7.273246430853
-31 7.272832820953
-30 7.272419211053
-29 7.272005601153
-28 7.271591991253
-27 7.271178381353
-26 7.270764771453
-25 7.270351161553
-24 7.269937551653
-23 7.26992967740914
-22 7.270281606483
-21 7.27063353555686
-20 7.27098546463071
-19 7.27133739370457
-18 7.27168932277843
-17 7.27204125185229
-16 7.27239318092614
-15 7.27274511
-14 7.2727675696
-13 7.2727900292
-12 7.2728124888
-11 7.2728349484
-10 7.272857408
-9 7.2726170366
-8 7.2723766652
-7 7.2721362938
-6 7.2718959224
-5 7.271655551
-4 7.2811523186
-3 7.2906490862
-2 7.3001458538
-1 7.3096426214
0 7.319139389
1 7.3286361566
2 7.3381329242
3 7.3476296918
4 7.3571264594
5 7.366623227
6 7.3641142004
7 7.3616051738
8 7.3590961472
9 7.3565871206
10 7.354078094
11 7.34870680937037
12 7.34333552474074
13 7.33796424011111
14 7.33259295548148
15 7.32722167085185
16 7.32657097744
17 7.32906734484
18 7.33156371224
19 7.33406007964
20 7.33655644704
21 7.3399074056
22 7.3438280916
23 7.3477487776
24 7.3516694636
25 7.3555901496
26 7.35076239844
27 7.34010235584
28 7.32944231324
29 7.31878227064
30 7.30812222804
31 7.28814763424
32 7.26196333964
33 7.23577904504
34 7.20959475044
35 7.18341045584
36 7.17374794952
37 7.17509996872
38 7.17645198792
39 7.17780400712
40 7.17915602632
41 7.17857756784
42 7.17671212424
43 7.17484668064
44 7.17298123704
45 7.17111579344
46 7.1703883702
47 7.1704196272
48 7.1704508842
49 7.1704821412
50 7.1705133982
51 7.17064705984
52 7.17084899124
53 7.17105092264
54 7.17125285404
55 7.17145478544
56 7.17062095556
57 7.16909661816
58 7.16757228076
59 7.16604794336
60 7.16452360596
61 7.1587132816
62 7.1500456326
63 7.1413779836
64 7.1327103346
65 7.1240426856
66 7.1234746742
67 7.1283064212
68 7.1331381682
69 7.1379699152
70 7.1428016622
71 7.15390597336
72 7.16919199396
73 7.18447801456
74 7.19976403516
75 7.21505005576
76 7.22737752256
77 7.23773262016
78 7.24808771776
79 7.25844281536
80 7.26879791296
81 7.27688366104
82 7.28345650944
83 7.29002935784
84 7.29660220624
85 7.30317505464
86 7.31207818688
87 7.32253484168
88 7.33299149648
89 7.34344815128
90 7.35390480608
91 7.36940370428
92 7.38826409808
93 7.40712449188
94 7.42598488568
95 7.44484527948
96 7.45781983732
97 7.46687050452
98 7.47592117172
99 7.48497183892
100 7.49402250612
101 7.50815727824
102 7.52568145364
103 7.54320562904
104 7.56072980444
105 7.57825397984
106 7.60028807264
107 7.62532877704
108 7.65036948144
109 7.67541018584
110 7.70045089024
111 7.70455696488
112 7.69470661968
113 7.68485627448
114 7.67500592928
115 7.66515558408
116 7.65755786112
117 7.65146188632
118 7.64536591152
119 7.63926993672
120 7.63317396192
121 7.63821234072
122 7.65067362192
123 7.66313490312
124 7.67559618432
125 7.68805746552
126 7.68993182328
127 7.68474823208
128 7.67956464088
129 7.67438104968
130 7.66919745848
131 7.67054345164
132 7.67624250104
133 7.68194155044
134 7.68764059984
135 7.69333964924
136 7.69783087944
137 7.70151689684
138 7.70520291424
139 7.70888893164
140 7.71257494904
141 7.70914854292
142 7.70098052112
143 7.69281249932
144 7.68464447752
145 7.67647645572
146 7.67608553864
147 7.68087935804
148 7.68567317744
149 7.69046699684
150 7.69526081624
151 7.69685575028
152 7.69631809408
153 7.69578043788
154 7.69524278168
155 7.69470512548
156 7.6937192262
157 7.6924344982
158 7.6911497702
159 7.6898650422
160 7.6885803142
161 7.69110767456
162 7.69617642716
163 7.70124517976
164 7.70631393236
165 7.71138268496
166 7.71364577708
167 7.71403842888
168 7.71443108068
169 7.71482373248
170 7.71521638428
171 7.71454631476
172 7.71316776436
173 7.71178921396
174 7.71041066356
175 7.70903211316
176 7.71593921932
177 7.72837009652
178 7.74080097372
179 7.75323185092
180 7.76566272812
181 7.76934438366
182 7.76719322476
183 7.76504206586
184 7.76289090696
185 7.76073974806
186 7.75858858916
187 7.75643743026
188 7.75428627136
189 7.75213511246
190 7.74998395356
191 7.74783279466
192 7.74568163576
193 7.74353047686
194 7.74137931796
195 7.73922815906
196 7.73707700016
197 7.73492584126
198 7.73277468236
199 7.73062352346
200 7.72847236456
201 7.7305869152
202 7.7355452722
203 7.7405036292
204 7.7454619862
205 7.7504203432
206 7.7553787002
207 7.7603370572
208 7.7652954142
209 7.7702537712
210 7.7752121282
211 7.7801704852
212 7.7851288422
213 7.7900871992
214 7.7950455562
215 7.8000039132
216 7.8049622702
217 7.8099206272
218 7.8148789842
219 7.8198373412
220 7.8247956982
221 7.8305231829
222 7.8367634194
223 7.8430036559
224 7.8492438924
225 7.8554841289
226 7.8617243654
227 7.8679646019
228 7.8742048384
229 7.8804450749
230 7.8866853114
231 7.8929255479
232 7.8991657844
233 7.9054060209
234 7.9116462574
235 7.9178864939
236 7.9241267304
237 7.9303669669
238 7.9366072034
239 7.9428474399
240 7.9490876764
241 7.951583771
242 7.951583771
243 7.951583771
244 7.951583771
245 7.951583771
246 7.951583771
247 7.951583771
248 7.951583771
249 7.951583771
250 7.951583771
251 7.951583771
252 7.951583771
253 7.951583771
254 7.951583771
255 7.951583771
256 7.951583771
257 7.951583771
258 7.951583771
259 7.951583771
260 7.951583771
261 7.95026821866
262 7.94807563142667
263 7.94588304419333
264 7.94369045696
265 7.94149786972667
266 7.93930528249333
267 7.93711269526
268 7.93492010802667
269 7.93272752079333
270 7.93053493356
271 7.92834234632667
272 7.92614975909333
273 7.92395717186
274 7.92176458462667
275 7.91957199739333
276 7.91737941016
277 7.91518682292667
278 7.91299423569333
279 7.91080164846
280 7.90860906122667
281 7.90641647399333
282 7.90422388676
283 7.90203129952667
284 7.89983871229333
285 7.89764612506
286 7.89545353782667
287 7.89326095059333
288 7.89106836336
289 7.88887577612667
290 7.88668318889333
291 7.88449060166
292 7.88229801442667
293 7.88010542719333
294 7.87791283996
295 7.87572025272667
296 7.87352766549333
297 7.87133507826
298 7.86914249102667
299 7.86694990379333
300 7.86475731656
301 7.86256472932667
302 7.86037214209333
303 7.85817955486
304 7.85598696762667
305 7.85379438039333
306 7.85160179316
307 7.84940920592667
308 7.84721661869333
309 7.84502403146
310 7.84283144422667
311 7.84063885699333
312 7.83844626976
313 7.83625368252667
314 7.83406109529333
315 7.83186850806
316 7.82967592082667
317 7.82748333359333
318 7.82529074636
319 7.82309815912667
320 7.82090557189333
321 7.82092427532
322 7.82241717252
323 7.82391006972
324 7.82540296692
325 7.82689586412
326 7.82838876132
327 7.82988165852
328 7.83137455572
329 7.83286745292
330 7.83436035012
331 7.83585324732
332 7.83734614452
333 7.83883904172
334 7.84033193892
335 7.84182483612
336 7.84331773332
337 7.84481063052
338 7.84630352772
339 7.84779642492
340 7.84928932212
341 7.85078221932
342 7.85227511652
343 7.85376801372
344 7.85526091092
345 7.85675380812
346 7.85824670532
347 7.85973960252
348 7.86123249972
349 7.86272539692
350 7.86421829412
351 7.86571119132
352 7.86720408852
353 7.86869698572
354 7.87018988292
355 7.87168278012
356 7.87317567732
357 7.87466857452
358 7.87616147172
359 7.87765436892
360 7.87914726612
361 7.88064016332
362 7.88213306052
363 7.88362595772
364 7.88511885492
365 7.88661175212
366 7.88810464932
367 7.88959754652
368 7.89109044372
369 7.89258334092
370 7.89407623812
371 7.89556913532
372 7.89706203252
373 7.89855492972
374 7.90004782692
375 7.90154072412
376 7.90303362132
377 7.90452651852
378 7.90601941572
379 7.90751231292
380 7.90900521012
381 7.90924208818
382 7.90864162014667
383 7.90804115211333
384 7.90744068408
385 7.90684021604667
386 7.90623974801333
387 7.90563927998
388 7.90503881194667
389 7.90443834391333
390 7.90383787588
391 7.90323740784667
392 7.90263693981333
393 7.90203647178
394 7.90143600374667
395 7.90083553571333
396 7.90023506768
397 7.89963459964667
398 7.89903413161333
399 7.89843366358
400 7.89783319554667
401 7.89723272751333
402 7.89663225948
403 7.89603179144667
404 7.89543132341333
405 7.89483085538
406 7.89423038734667
407 7.89362991931333
408 7.89302945128
409 7.89242898324667
410 7.89182851521333
411 7.89122804718
412 7.89062757914667
413 7.89002711111333
414 7.88942664308
415 7.88882617504667
416 7.88822570701333
417 7.88762523898
418 7.88702477094667
419 7.88642430291333
420 7.88582383488
421 7.88522336684667
422 7.88462289881333
423 7.88402243078
424 7.88342196274667
425 7.88282149471333
426 7.88222102668
427 7.88162055864667
428 7.88102009061333
429 7.88041962258
430 7.87981915454667
431 7.87921868651333
432 7.87861821848
433 7.87801775044667
434 7.87741728241333
435 7.87681681438
436 7.87621634634667
437 7.87561587831333
438 7.87501541028
439 7.87441494224667
440 7.87381447421333
441 7.87220568755
442 7.86992468846667
443 7.86764368938333
444 7.8653626903
445 7.86308169121667
446 7.86080069213333
447 7.85851969305
448 7.85623869396667
449 7.85395769488333
450 7.8516766958
451 7.84939569671667
452 7.84711469763333
453 7.84483369855
454 7.84255269946667
455 7.84027170038333
456 7.8379907013
457 7.83570970221667
458 7.83342870313333
459 7.83114770405
460 7.82886670496667
461 7.82658570588333
462 7.8243047068
463 7.82202370771667
464 7.81974270863333
465 7.81746170955
466 7.81518071046667
467 7.81289971138333
468 7.8106187123
469 7.80833771321667
470 7.80605671413333
471 7.80377571505
472 7.80149471596667
473 7.79921371688333
474 7.7969327178
475 7.79465171871667
476 7.79237071963333
477 7.79008972055
478 7.78780872146667
479 7.78552772238333
480 7.7832467233
481 7.78096572421667
482 7.77868472513333
483 7.77640372605
484 7.77412272696667
485 7.77184172788333
486 7.7695607288
487 7.76727972971667
488 7.76499873063333
489 7.76271773155
490 7.76043673246667
491 7.75815573338333
492 7.7558747343
493 7.75359373521667
494 7.75131273613333
495 7.74903173705
496 7.74675073796667
497 7.74446973888333
498 7.7421887398
499 7.73990774071667
500 7.73762674163333
501 7.73725698804
502 7.73816139810667
503 7.73906580817333
504 7.73997021824
505 7.74087462830667
506 7.74177903837333
507 7.74268344844
508 7.74358785850667
509 7.74449226857333
510 7.74539667864
511 7.74630108870667
512 7.74720549877333
513 7.74810990884
514 7.74901431890667
515 7.74991872897333
516 7.75082313904
517 7.75172754910667
518 7.75263195917333
519 7.75353636924
520 7.75444077930667
521 7.75534518937333
522 7.75624959944
523 7.75715400950667
524 7.75805841957333
525 7.75896282964
526 7.75986723970667
527 7.76077164977333
528 7.76167605984
529 7.76258046990667
530 7.76348487997333
531 7.76438929004
532 7.76529370010667
533 7.76619811017333
534 7.76710252024
535 7.76800693030667
536 7.76891134037333
537 7.76981575044
538 7.77072016050667
539 7.77162457057333
540 7.77252898064
541 7.77343339070667
542 7.77433780077333
543 7.77524221084
544 7.77614662090667
545 7.77705103097333
546 7.77795544104
547 7.77885985110667
548 7.77976426117333
549 7.78066867124
550 7.78157308130667
551 7.78247749137333
552 7.78338190144
553 7.78428631150667
554 7.78519072157333
555 7.78609513164
556 7.78699954170667
557 7.78790395177333
558 7.78880836184
559 7.78971277190667
560 7.79061718197333
561 7.790978946
562 7.790978946
563 7.790978946
564 7.790978946
565 7.790978946
566 7.790978946
567 7.790978946
568 7.790978946
569 7.790978946
570 7.790978946
571 7.790978946
572 7.790978946
573 7.790978946
574 7.790978946
575 7.790978946
576 7.790978946
577 7.790978946
578 7.790978946
579 7.790978946
580 7.790978946
581 7.790978946
582 7.790978946
583 7.790978946
584 7.790978946
585 7.790978946
586 7.790978946
587 7.790978946
588 7.790978946
589 7.790978946
590 7.790978946
591 7.790978946
592 7.790978946
593 7.790978946
594 7.790978946
595 7.790978946
596 7.790978946
597 7.790978946
598 7.790978946
599 7.790978946
600 7.790978946
601 7.790978946
602 7.790978946
603 7.790978946
604 7.790978946
605 7.790978946
606 7.790978946
607 7.790978946
608 7.790978946
609 7.790978946
610 7.790978946
611 7.790978946
612 7.790978946
613 7.790978946
614 7.790978946
615 7.790978946
616 7.790978946
617 7.790978946
618 7.790978946
619 7.790978946
620 7.790978946
621 7.78975414393
622 7.78771280714667
623 7.78567147036333
624 7.78363013358
625 7.78158879679667
626 7.77954746001333
627 7.77750612323
628 7.77546478644667
629 7.77342344966333
630 7.77138211288
631 7.76934077609667
632 7.76729943931333
633 7.76525810253
634 7.76321676574667
635 7.76117542896333
636 7.75913409218
637 7.75709275539667
638 7.75505141861333
639 7.75301008183
640 7.75096874504667
641 7.74892740826333
642 7.74688607148
643 7.74484473469667
644 7.74280339791333
645 7.74076206113
646 7.73872072434667
647 7.73667938756333
648 7.73463805078
649 7.73259671399667
650 7.73055537721333
651 7.72851404043
652 7.72647270364667
653 7.72443136686333
654 7.72239003008
655 7.72034869329667
656 7.71830735651333
657 7.71626601973
658 7.71422468294667
659 7.71218334616333
660 7.71014200938
661 7.70810067259667
662 7.70605933581333
663 7.70401799903
664 7.70197666224667
665 7.69993532546333
666 7.69789398868
667 7.69585265189667
668 7.69381131511333
669 7.69176997833
670 7.68972864154667
671 7.68768730476333
672 7.68564596798
673 7.68360463119667
674 7.68156329441333
675 7.67952195763
676 7.67748062084667
677 7.67543928406333
678 7.67339794728
679 7.67135661049667
680 7.66931527371333
681 7.6684808792
682 7.66845111286667
683 7.66842134653333
684 7.6683915802
685 7.66836181386667
686 7.66833204753333
687 7.6683022812
688 7.66827251486667
689 7.66824274853333
690 7.6682129822
691 7.66818321586667
692 7.66815344953333
693 7.6681236832
694 7.66809391686667
695 7.66806415053333
696 7.6680343842
697 7.66800461786667
698 7.66797485153333
699 7.6679450852
700 7.66791531886667
701 7.66788555253333
702 7.6678557862
703 7.66782601986667
704 7.66779625353333
705 7.6677664872
706 7.66773672086667
707 7.66770695453333
708 7.6676771882
709 7.66764742186667
710 7.66761765553333
711 7.6675878892
712 7.66755812286667
713 7.66752835653333
714 7.6674985902
715 7.66746882386667
716 7.66743905753333
717 7.6674092912
718 7.66737952486667
719 7.66734975853333
720 7.6673199922
721 7.66729022586667
722 7.66726045953333
723 7.6672306932
724 7.66720092686667
725 7.66717116053333
726 7.6671413942
727 7.66711162786667
728 7.66708186153333
729 7.6670520952
730 7.66702232886667
731 7.66699256253333
732 7.6669627962
733 7.66693302986667
734 7.66690326353333
735 7.6668734972
736 7.66684373086667
737 7.66681396453333
738 7.6667841982
739 7.66675443186667
740 7.66672466553333
741 7.66637000785
742 7.66579875593333
743 7.66522750401667
744 7.6646562521
745 7.66408500018333
746 7.66351374826667
747 7.66294249635
748 7.66237124443333
749 7.66179999251667
750 7.6612287406
751 7.66065748868333
752 7.66008623676667
753 7.65951498485
754 7.65894373293333
755 7.65837248101667
756 7.6578012291
757 7.65722997718333
758 7.65665872526667
759 7.65608747335
760 7.65551622143333
761 7.65494496951667
762 7.6543737176
763 7.65380246568333
764 7.65323121376667
765 7.65265996185
766 7.65208870993333
767 7.65151745801667
768 7.6509462061
769 7.65037495418333
770 7.64980370226667
771 7.64923245035
772 7.64866119843333
773 7.64808994651667
774 7.6475186946
775 7.64694744268333
776 7.64637619076667
777 7.64580493885
778 7.64523368693333
779 7.64466243501667
780 7.6440911831
781 7.64351993118333
782 7.64294867926667
783 7.64237742735
784 7.64180617543333
785 7.64123492351667
786 7.6406636716
787 7.64009241968333
788 7.63952116776667
789 7.63894991585
790 7.63837866393333
791 7.63780741201667
792 7.6372361601
793 7.63666490818333
794 7.63609365626667
795 7.63552240435
796 7.63495115243333
797 7.63437990051667
798 7.6338086486
799 7.63323739668333
800 7.63266614476667
801 7.63246905503
802 7.63252140674667
803 7.63257375846333
804 7.63262611018
805 7.63267846189667
806 7.63273081361333
807 7.63278316533
808 7.63283551704667
809 7.63288786876333
810 7.63294022048
811 7.63299257219667
812 7.63304492391333
813 7.63309727563
814 7.63314962734667
815 7.63320197906333
816 7.63325433078
817 7.63330668249667
818 7.63335903421333
819 7.63341138593
820 7.63346373764667
821 7.63351608936333
822 7.63356844108
823 7.63362079279667
824 7.63367314451333
825 7.63372549623
826 7.63377784794667
827 7.63383019966333
828 7.63388255138
829 7.63393490309667
830 7.63398725481333
831 7.63403960653
832 7.63409195824667
833 7.63414430996333
834 7.63419666168
835 7.63424901339667
836 7.63430136511333
837 7.63435371683
838 7.63440606854667
839 7.63445842026333
840 7.63451077198
841 7.63456312369667
842 7.63461547541333
843 7.63466782713
844 7.63472017884667
845 7.63477253056333
846 7.63482488228
847 7.63487723399667
848 7.63492958571333
849 7.63498193743
850 7.63503428914667
851 7.63508664086333
852 7.63513899258
853 7.63519134429667
854 7.63524369601333
855 7.63529604773
856 7.63534839944667
857 7.63540075116333
858 7.63545310288
859 7.63550545459667
860 7.63555780631333
861 7.63590812373
862 7.63645708494667
863 7.63700604616333
864 7.63755500738
865 7.63810396859667
866 7.63865292981333
867 7.63920189103
868 7.63975085224667
869 7.64029981346333
870 7.64084877468
871 7.64139773589667
872 7.64194669711333
873 7.64249565833
874 7.64304461954667
875 7.64359358076333
876 7.64414254198
877 7.64469150319667
878 7.64524046441333
879 7.64578942563
880 7.64633838684667
881 7.64688734806333
882 7.64743630928
883 7.64798527049667
884 7.64853423171333
885 7.64908319293
886 7.64963215414667
887 7.65018111536333
888 7.65073007658
889 7.65127903779667
890 7.65182799901333
891 7.65237696023
892 7.65292592144667
893 7.65347488266333
894 7.65402384388
895 7.65457280509667
896 7.65512176631333
897 7.65567072753
898 7.65621968874667
899 7.65676864996333
900 7.65731761118
901 7.65786657239667
902 7.65841553361333
903 7.65896449483
904 7.65951345604667
905 7.66006241726333
906 7.66061137848
907 7.66116033969667
908 7.66170930091333
909 7.66225826213
910 7.66280722334667
911 7.66335618456333
912 7.66390514578
913 7.66445410699667
914 7.66500306821333
915 7.66555202943
916 7.66610099064667
917 7.66664995186333
918 7.66719891308
919 7.66774787429667
920 7.66829683551333
921 7.66839799102
922 7.66820060938667
923 7.66800322775333
924 7.66780584612
925 7.66760846448667
926 7.66741108285333
927 7.66721370122
928 7.66701631958667
929 7.66681893795333
930 7.66662155632
931 7.66642417468667
932 7.66622679305333
933 7.66602941142
934 7.66583202978667
935 7.66563464815333
936 7.66543726652
937 7.66523988488667
938 7.66504250325333
939 7.66484512162
940 7.66464773998667
941 7.66445035835333
942 7.66425297672
943 7.66405559508667
944 7.66385821345333
945 7.66366083182
946 7.66346345018667
947 7.66326606855333
948 7.66306868692
949 7.66287130528667
950 7.66267392365333
951 7.66247654202
952 7.66227916038667
953 7.66208177875333
954 7.66188439712
955 7.66168701548667
956 7.66148963385333
957 7.66129225222
958 7.66109487058667
959 7.66089748895333
960 7.66070010732
961 7.66050272568667
962 7.66030534405333
963 7.66010796242
964 7.65991058078667
965 7.65971319915333
966 7.65951581752
967 7.65931843588667
968 7.65912105425333
969 7.65892367262
970 7.65872629098667
971 7.65852890935333
972 7.65833152772
973 7.65813414608667
974 7.65793676445333
975 7.65773938282
976 7.65754200118667
977 7.65734461955333
978 7.65714723792
979 7.65694985628667
980 7.65675247465333
981 7.65637551125
982 7.65587882666667
983 7.65538214208333
984 7.6548854575
985 7.65438877291667
986 7.65389208833333
987 7.65339540375
988 7.65289871916667
989 7.65240203458333
990 7.65190535
991 7.65140866541667
992 7.65091198083333
993 7.65041529625
994 7.64991861166667
995 7.64942192708333
996 7.6489252425
997 7.64842855791667
998 7.64793187333333
999 7.64743518875
1000 7.64693850416667
1001 7.64644181958333
1002 7.645945135
1003 7.64544845041667
1004 7.64495176583333
1005 7.64445508125
1006 7.64395839666667
1007 7.64346171208333
1008 7.6429650275
1009 7.64246834291667
1010 7.64197165833333
1011 7.64147497375
1012 7.64097828916667
1013 7.64048160458333
1014 7.63998492
1015 7.63948823541667
1016 7.63899155083333
1017 7.63849486625
1018 7.63799818166667
1019 7.63750149708333
1020 7.6370048125
1021 7.63650812791667
1022 7.63601144333333
1023 7.63551475875
1024 7.63501807416667
1025 7.63452138958333
1026 7.634024705
1027 7.63352802041667
1028 7.63303133583333
1029 7.63253465125
1030 7.63203796666667
1031 7.63154128208333
1032 7.6310445975
1033 7.63054791291667
1034 7.63005122833333
1035 7.62955454375
1036 7.62905785916667
1037 7.62856117458333
1038 7.62806449
1039 7.62756780541667
1040 7.62707112083333
1041 7.62716385417
1042 7.62764953278667
1043 7.62813521140333
1044 7.62862089002
1045 7.62910656863667
1046 7.62959224725333
1047 7.63007792587
1048 7.63056360448667
1049 7.63104928310333
1050 7.63153496172
1051 7.63202064033667
1052 7.63250631895333
1053 7.63299199757
1054 7.63347767618667
1055 7.63396335480333
1056 7.63444903342
1057 7.63493471203667
1058 7.63542039065333
1059 7.63590606927
1060 7.63639174788667
1061 7.63687742650333
1062 7.63736310512
1063 7.63784878373667
1064 7.63833446235333
1065 7.63882014097
1066 7.63930581958667
1067 7.63979149820333
1068 7.64027717682
1069 7.64076285543667
1070 7.64124853405333
1071 7.64173421267
1072 7.64221989128667
1073 7.64270556990333
1074 7.64319124852
1075 7.64367692713667
1076 7.64416260575333
1077 7.64464828437
1078 7.64513396298667
1079 7.64561964160333
1080 7.64610532022
1081 7.64659099883667
1082 7.64707667745333
1083 7.64756235607
1084 7.64804803468667
1085 7.64853371330333
1086 7.64901939192
1087 7.64950507053667
1088 7.64999074915333
1089 7.65047642777
1090 7.65096210638667
1091 7.65144778500333
1092 7.65193346362
1093 7.65241914223667
1094 7.65290482085333
1095 7.65339049947
1096 7.65387617808667
1097 7.65436185670333
1098 7.65484753532
1099 7.65533321393667
1100 7.65581889255333
1101 7.65602411626
1102 7.65604237002667
1103 7.65606062379333
1104 7.65607887756
1105 7.65609713132667
1106 7.65611538509333
1107 7.65613363886
1108 7.65615189262667
1109 7.65617014639333
1110 7.65618840016
1111 7.65620665392667
1112 7.65622490769333
1113 7.65624316146
1114 7.65626141522667
1115 7.65627966899333
1116 7.65629792276
1117 7.65631617652667
1118 7.65633443029333
1119 7.65635268406
1120 7.65637093782667
1121 7.65638919159333
1122 7.65640744536
1123 7.65642569912667
1124 7.65644395289333
1125 7.65646220666
1126 7.65648046042667
1127 7.65649871419333
1128 7.65651696796
1129 7.65653522172667
1130 7.65655347549333
1131 7.65657172926
1132 7.65658998302667
1133 7.65660823679333
1134 7.65662649056
1135 7.65664474432667
1136 7.65666299809333
1137 7.65668125186
1138 7.65669950562667
1139 7.65671775939333
1140 7.65673601316
1141 7.65675426692667
1142 7.65677252069333
1143 7.65679077446
1144 7.65680902822667
1145 7.65682728199333
1146 7.65684553576
1147 7.65686378952667
1148 7.65688204329333
1149 7.65690029706
1150 7.65691855082667
1151 7.65693680459333
1152 7.65695505836
1153 7.65697331212667
1154 7.65699156589333
1155 7.65700981966
1156 7.65702807342667
1157 7.65704632719333
1158 7.65706458096
1159 7.65708283472667
1160 7.65710108849333
1161 7.65692396857
1162 7.65661659952
1163 7.65630923047
1164 7.65600186142
1165 7.65569449237
1166 7.65538712332
1167 7.65507975427
1168 7.65477238522
1169 7.65446501617
1170 7.65415764712
1171 7.65385027807
1172 7.65354290902
1173 7.65323553997
1174 7.65292817092
1175 7.65262080187
1176 7.65231343282
1177 7.65200606377
1178 7.65169869472
1179 7.65139132567
1180 7.65108395662
1181 7.65077658757
1182 7.65046921852
1183 7.65016184947
1184 7.64985448042
1185 7.64954711137
1186 7.64923974232
1187 7.64893237327
1188 7.64862500422
1189 7.64831763517
1190 7.64801026612
1191 7.64770289707
1192 7.64739552802
1193 7.64708815897
1194 7.64678078992
1195 7.64647342087
1196 7.64616605182
1197 7.64585868277
1198 7.64555131372
1199 7.64524394467
1200 7.64493657562
1201 7.64462920657
1202 7.64432183752
1203 7.64401446847
1204 7.64370709942
1205 7.64339973037
1206 7.64309236132
1207 7.64278499227
1208 7.64247762322
1209 7.64217025417
1210 7.64186288512
1211 7.64155551607
1212 7.64124814702
1213 7.64094077797
1214 7.64063340892
1215 7.64032603987
1216 7.64001867082
1217 7.63971130177
1218 7.63940393272
1219 7.63909656367
1220 7.63878919462
1221 7.63894873534
1222 7.63941954924
1223 7.63989036314
1224 7.64036117704
1225 7.64083199094
1226 7.64130280484
1227 7.64177361874
1228 7.64224443264
1229 7.64271524654
1230 7.64318606044
1231 7.64365687434
1232 7.64412768824
1233 7.64459850214
1234 7.64506931604
1235 7.64554012994
1236 7.64601094384
1237 7.64648175774
1238 7.64695257164
1239 7.64742338554
1240 7.64789419944
1241 7.64836501334
1242 7.64883582724
1243 7.64930664114
1244 7.64977745504
1245 7.65024826894
1246 7.65071908284
1247 7.65118989674
1248 7.65166071064
1249 7.65213152454
1250 7.65260233844
1251 7.65307315234
1252 7.65354396624
1253 7.65401478014
1254 7.65448559404
1255 7.65495640794
1256 7.65542722184
1257 7.65589803574
1258 7.65636884964
1259 7.65683966354
1260 7.65731047744
1261 7.65778129134
1262 7.65825210524
1263 7.65872291914
1264 7.65919373304
1265 7.65966454694
1266 7.66013536084
1267 7.66060617474
1268 7.66107698864
1269 7.66154780254
1270 7.66201861644
1271 7.66248943034
1272 7.66296024424
1273 7.66343105814
1274 7.66390187204
1275 7.66437268594
1276 7.66484349984
1277 7.66531431374
1278 7.66578512764
1279 7.66625594154
1280 7.66672675544
1281 7.66624720372
1282 7.66513407492
1283 7.66402094612
1284 7.66290781732
1285 7.66179468852
1286 7.66068155972
1287 7.65956843092
1288 7.65845530212
1289 7.65734217332
1290 7.65622904452
1291 7.65511591572
1292 7.65400278692
1293 7.65288965812
1294 7.65177652932
1295 7.65066340052
1296 7.64955027172
1297 7.64843714292
1298 7.64732401412
1299 7.64621088532
1300 7.64509775652
1301 7.64398462772
1302 7.64287149892
1303 7.64175837012
1304 7.64064524132
1305 7.63953211252
1306 7.63841898372
1307 7.63730585492
1308 7.63619272612
1309 7.63507959732
1310 7.63396646852
1311 7.63285333972
1312 7.63174021092
1313 7.63062708212
1314 7.62951395332
1315 7.62840082452
1316 7.62728769572
1317 7.62617456692
1318 7.62506143812
1319 7.62394830932
1320 7.62283518052
1321 7.62172205172
1322 7.62060892292
1323 7.61949579412
1324 7.61838266532
1325 7.61726953652
1326 7.61615640772
1327 7.61504327892
1328 7.61393015012
1329 7.61281702132
1330 7.61170389252
1331 7.61059076372
1332 7.60947763492
1333 7.60836450612
1334 7.60725137732
1335 7.60613824852
1336 7.60502511972
1337 7.60391199092
1338 7.60279886212
1339 7.60168573332
1340 7.60057260452
1341 7.60015193567
1342 7.60019290678667
1343 7.60023387790333
1344 7.60027484902
1345 7.60031582013667
1346 7.60035679125333
1347 7.60039776237
1348 7.60043873348667
1349 7.60047970460333
1350 7.60052067572
1351 7.60056164683667
1352 7.60060261795333
1353 7.60064358907
1354 7.60068456018667
1355 7.60072553130333
1356 7.60076650242
1357 7.60080747353667
1358 7.60084844465333
1359 7.60088941577
1360 7.60093038688667
1361 7.60097135800333
1362 7.60101232912
1363 7.60105330023667
1364 7.60109427135333
1365 7.60113524247
1366 7.60117621358667
1367 7.60121718470333
1368 7.60125815582
1369 7.60129912693667
1370 7.60134009805333
1371 7.60138106917
1372 7.60142204028667
1373 7.60146301140333
1374 7.60150398252
1375 7.60154495363667
1376 7.60158592475333
1377 7.60162689587
1378 7.60166786698667
1379 7.60170883810333
1380 7.60174980922
1381 7.60179078033667
1382 7.60183175145333
1383 7.60187272257
1384 7.60191369368667
1385 7.60195466480333
1386 7.60199563592
1387 7.60203660703667
1388 7.60207757815333
1389 7.60211854927
1390 7.60215952038667
1391 7.60220049150333
1392 7.60224146262
1393 7.60228243373667
1394 7.60232340485333
1395 7.60236437597
1396 7.60240534708667
1397 7.60244631820333
1398 7.60248728932
1399 7.60252826043667
1400 7.60256923155333
1401 7.60215668567
1402 7.60144179512
1403 7.60072690457
1404 7.60001201402
1405 7.59929712347
1406 7.59858223292
1407 7.59786734237
1408 7.59715245182
1409 7.59643756127
1410 7.59572267072
1411 7.59500778017
1412 7.59429288962
1413 7.59357799907
1414 7.59286310852
1415 7.59214821797
1416 7.59143332742
1417 7.59071843687
1418 7.59000354632
1419 7.58928865577
1420 7.58857376522
1421 7.58785887467
1422 7.58714398412
1423 7.58642909357
1424 7.58571420302
1425 7.58499931247
1426 7.58428442192
1427 7.58356953137
1428 7.58285464082
1429 7.58213975027
1430 7.58142485972
1431 7.58070996917
1432 7.57999507862
1433 7.57928018807
1434 7.57856529752
1435 7.57785040697
1436 7.57713551642
1437 7.57642062587
1438 7.57570573532
1439 7.57499084477
1440 7.57427595422
1441 7.57356106367
1442 7.57284617312
1443 7.57213128257
1444 7.57141639202
1445 7.57070150147
1446 7.56998661092
1447 7.56927172037
1448 7.56855682982
1449 7.56784193927
1450 7.56712704872
1451 7.56641215817
1452 7.56569726762
1453 7.56498237707
1454 7.56426748652
1455 7.56355259597
1456 7.56283770542
1457 7.56212281487
1458 7.56140792432
1459 7.56069303377
1460 7.55997814322
1461 7.55996640318
1462 7.56042343014667
1463 7.56088045711333
1464 7.56133748408
1465 7.56179451104667
1466 7.56225153801333
1467 7.56270856498
1468 7.56316559194667
1469 7.56362261891333
1470 7.56407964588
1471 7.56453667284667
1472 7.56499369981333
1473 7.56545072678
1474 7.56590775374667
1475 7.56636478071333
1476 7.56682180768
1477 7.56727883464667
1478 7.56773586161333
1479 7.56819288858
1480 7.56864991554667
1481 7.56910694251333
1482 7.56956396948
1483 7.57002099644667
1484 7.57047802341333
1485 7.57093505038
1486 7.57139207734667
1487 7.57184910431333
1488 7.57230613128
1489 7.57276315824667
1490 7.57322018521333
1491 7.57367721218
1492 7.57413423914667
1493 7.57459126611333
1494 7.57504829308
1495 7.57550532004667
1496 7.57596234701333
1497 7.57641937398
1498 7.57687640094667
1499 7.57733342791333
1500 7.57779045488
1501 7.57824748184667
1502 7.57870450881333
1503 7.57916153578
1504 7.57961856274667
1505 7.58007558971333
1506 7.58053261668
1507 7.58098964364667
1508 7.58144667061333
1509 7.58190369758
1510 7.58236072454667
1511 7.58281775151333
1512 7.58327477848
1513 7.58373180544667
1514 7.58418883241333
1515 7.58464585938
1516 7.58510288634667
1517 7.58555991331333
1518 7.58601694028
1519 7.58647396724667
1520 7.58693099421333
1521 7.58695733304
1522 7.58669654644
1523 7.58643575984
1524 7.58617497324
1525 7.58591418664
1526 7.58565340004
1527 7.58539261344
1528 7.58513182684
1529 7.58487104024
1530 7.58461025364
1531 7.58434946704
1532 7.58408868044
1533 7.58382789384
1534 7.58356710724
1535 7.58330632064
1536 7.58304553404
1537 7.58278474744
1538 7.58252396084
1539 7.58226317424
1540 7.58200238764
1541 7.58174160104
1542 7.58148081444
1543 7.58122002784
1544 7.58095924124
1545 7.58069845464
1546 7.58043766804
1547 7.58017688144
1548 7.57991609484
1549 7.57965530824
1550 7.57939452164
1551 7.57913373504
1552 7.57887294844
1553 7.57861216184
1554 7.57835137524
1555 7.57809058864
1556 7.57782980204
1557 7.57756901544
1558 7.57730822884
1559 7.57704744224
1560 7.57678665564
1561 7.57652586904
1562 7.57626508244
1563 7.57600429584
1564 7.57574350924
1565 7.57548272264
1566 7.57522193604
1567 7.57496114944
1568 7.57470036284
1569 7.57443957624
1570 7.57417878964
1571 7.57391800304
1572 7.57365721644
1573 7.57339642984
1574 7.57313564324
1575 7.57287485664
1576 7.57261407004
1577 7.57235328344
1578 7.57209249684
1579 7.57183171024
1580 7.57157092364
1581 7.57159663922
1582 7.57181335625333
1583 7.57203007328667
1584 7.57224679032
1585 7.57246350735333
1586 7.57268022438667
1587 7.57289694142
1588 7.57311365845333
1589 7.57333037548667
1590 7.57354709252
1591 7.57376380955333
1592 7.57398052658667
1593 7.57419724362
1594 7.57441396065333
1595 7.57463067768667
1596 7.57484739472
1597 7.57506411175333
1598 7.57528082878667
1599 7.57549754582
1600 7.57571426285333
1601 7.57593097988667
1602 7.57614769692
1603 7.57636441395333
1604 7.57658113098667
1605 7.57679784802
1606 7.57701456505333
1607 7.57723128208667
1608 7.57744799912
1609 7.57766471615333
1610 7.57788143318667
1611 7.57809815022
1612 7.57831486725333
1613 7.57853158428667
1614 7.57874830132
1615 7.57896501835333
1616 7.57918173538667
1617 7.57939845242
1618 7.57961516945333
1619 7.57983188648667
1620 7.58004860352
1621 7.58026532055333
1622 7.58048203758667
1623 7.58069875462
1624 7.58091547165333
1625 7.58113218868667
1626 7.58134890572
1627 7.58156562275333
1628 7.58178233978667
1629 7.58199905682
1630 7.58221577385333
1631 7.58243249088667
1632 7.58264920792
1633 7.58286592495333
1634 7.58308264198667
1635 7.58329935902
1636 7.58351607605333
1637 7.58373279308667
1638 7.58394951012
1639 7.58416622715333
1640 7.58438294418667
1641 7.58422462544
1642 7.58381628284
1643 7.58340794024
1644 7.58299959764
1645 7.58259125504
1646 7.58218291244
1647 7.58177456984
1648 7.58136622724
1649 7.58095788464
1650 7.58054954204
1651 7.58014119944
1652 7.57973285684
1653 7.57932451424
1654 7.57891617164
1655 7.57850782904
1656 7.57809948644
1657 7.57769114384
1658 7.57728280124
1659 7.57687445864
1660 7.57646611604
1661 7.57605777344
1662 7.57564943084
1663 7.57524108824
1664 7.57483274564
1665 7.57442440304
1666 7.57401606044
1667 7.57360771784
1668 7.57319937524
1669 7.57279103264
1670 7.57238269004
1671 7.57197434744
1672 7.57156600484
1673 7.57115766224
1674 7.57074931964
1675 7.57034097704
1676 7.56993263444
1677 7.56952429184
1678 7.56911594924
1679 7.56870760664
1680 7.56829926404
1681 7.56789092144
1682 7.56748257884
1683 7.56707423624
1684 7.56666589364
1685 7.56625755104
1686 7.56584920844
1687 7.56544086584
1688 7.56503252324
1689 7.56462418064
1690 7.56421583804
1691 7.56380749544
1692 7.56339915284
1693 7.56299081024
1694 7.56258246764
1695 7.56217412504
1696 7.56176578244
1697 7.56135743984
1698 7.56094909724
1699 7.56054075464
1700 7.56013241204
1701 7.56012314506
1702 7.56037992849333
1703 7.56063671192667
1704 7.56089349536
1705 7.56115027879333
1706 7.56140706222667
1707 7.56166384566
1708 7.56192062909333
1709 7.56217741252667
1710 7.56243419596
1711 7.56269097939333
1712 7.56294776282667
1713 7.56320454626
1714 7.56346132969333
1715 7.56371811312667
1716 7.56397489656
1717 7.56423167999333
1718 7.56448846342667
1719 7.56474524686
1720 7.56500203029333
1721 7.56525881372667
1722 7.56551559716
1723 7.56577238059333
1724 7.56602916402667
1725 7.56628594746
1726 7.56654273089333
1727 7.56679951432667
1728 7.56705629776
1729 7.56731308119333
1730 7.56756986462667
1731 7.56782664806
1732 7.56808343149333
1733 7.56834021492667
1734 7.56859699836
1735 7.56885378179333
1736 7.56911056522667
1737 7.56936734866
1738 7.56962413209333
1739 7.56988091552667
1740 7.57013769896
1741 7.57039448239333
1742 7.57065126582667
1743 7.57090804926
1744 7.57116483269333
1745 7.57142161612667
1746 7.57167839956
1747 7.57193518299333
1748 7.57219196642667
1749 7.57244874986
1750 7.57270553329333
1751 7.57296231672667
1752 7.57321910016
1753 7.57347588359333
1754 7.57373266702667
1755 7.57398945046
1756 7.57424623389333
1757 7.57450301732667
1758 7.57475980076
1759 7.57501658419333
1760 7.57527336762667
1761 7.57496971814
1762 7.57429244670667
1763 7.57361517527333
1764 7.57293790384
1765 7.57226063240667
1766 7.57158336097333
1767 7.57090608954
1768 7.57022881810667
1769 7.56955154667333
1770 7.56887427524
1771 7.56819700380667
1772 7.56751973237333
1773 7.56684246094
1774 7.56616518950667
1775 7.56548791807333
1776 7.56481064664
1777 7.56413337520667
1778 7.56345610377333
1779 7.56277883234
1780 7.56210156090667
1781 7.56142428947333
1782 7.56074701804
1783 7.56006974660667
1784 7.55939247517333
1785 7.55871520374
1786 7.55803793230667
1787 7.55736066087333
1788 7.55668338944
1789 7.55600611800667
1790 7.55532884657333
1791 7.55465157514
1792 7.55397430370667
1793 7.55329703227333
1794 7.55261976084
1795 7.55194248940667
1796 7.55126521797333
1797 7.55058794654
1798 7.54991067510667
1799 7.54923340367333
1800 7.54855613224
1801 7.54787886080667
1802 7.54720158937333
1803 7.54652431794
1804 7.54584704650667
1805 7.54516977507333
1806 7.54449250364
1807 7.54381523220667
1808 7.54313796077333
1809 7.54246068934
1810 7.54178341790667
1811 7.54110614647333
1812 7.54042887504
1813 7.53975160360667
1814 7.53907433217333
1815 7.53839706074
1816 7.53771978930667
1817 7.53704251787333
1818 7.53636524644
1819 7.53568797500667
1820 7.53501070357333
1821 7.53428174149
1822 7.53351831897333
1823 7.53275489645667
1824 7.53199147394
1825 7.53122805142333
1826 7.53046462890667
1827 7.52970120639
1828 7.52893778387333
1829 7.52817436135667
1830 7.52741093884
1831 7.52664751632333
1832 7.52588409380667
1833 7.52512067129
1834 7.52435724877333
1835 7.52359382625667
1836 7.52283040374
1837 7.52206698122333
1838 7.52130355870667
1839 7.52054013619
1840 7.51977671367333
1841 7.51901329115667
1842 7.51824986864
1843 7.51748644612333
1844 7.51672302360667
1845 7.51595960109
1846 7.51519617857333
1847 7.51443275605667
1848 7.51366933354
1849 7.51290591102333
1850 7.51214248850667
1851 7.51137906599
1852 7.51061564347333
1853 7.50985222095667
1854 7.50908879844
1855 7.50832537592333
1856 7.50756195340667
1857 7.50679853089
1858 7.50603510837333
1859 7.50527168585667
1860 7.50450826334
1861 7.50374484082333
1862 7.50298141830667
1863 7.50221799579
1864 7.50145457327333
1865 7.50069115075667
1866 7.49992772824
1867 7.49916430572333
1868 7.49840088320667
1869 7.49763746069
1870 7.49687403817333
1871 7.49611061565667
1872 7.49534719314
1873 7.49458377062333
1874 7.49382034810667
1875 7.49305692559
1876 7.49229350307333
1877 7.49153008055667
1878 7.49076665804
1879 7.49000323552333
1880 7.48923981300667
1881 7.48843333402
1882 7.48759815072
1883 7.48676296742
1884 7.48592778412
1885 7.48509260082
1886 7.48425741752
1887 7.48342223422
1888 7.48258705092
1889 7.48175186762
1890 7.48091668432
1891 7.48008150102
1892 7.47924631772
1893 7.47841113442
1894 7.47757595112
1895 7.47674076782
1896 7.47590558452
1897 7.47507040122
1898 7.47423521792
1899 7.47340003462
1900 7.47256485132
1901 7.47172966802
1902 7.47089448472
1903 7.47005930142
1904 7.46922411812
1905 7.46838893482
1906 7.46755375152
1907 7.46671856822
1908 7.46588338492
1909 7.46504820162
1910 7.46421301832
1911 7.46337783502
1912 7.46254265172
1913 7.46170746842
1914 7.46087228512
1915 7.46003710182
1916 7.45920191852
1917 7.45836673522
1918 7.45753155192
1919 7.45669636862
1920 7.45586118532
1921 7.45502600202
1922 7.45419081872
1923 7.45335563542
1924 7.45252045212
1925 7.45168526882
1926 7.45085008552
1927 7.45001490222
1928 7.44917971892
1929 7.44834453562
1930 7.44750935232
1931 7.44667416902
1932 7.44583898572
1933 7.44500380242
1934 7.44416861912
1935 7.44333343582
1936 7.44249825252
1937 7.44166306922
1938 7.44082788592
1939 7.43999270262
1940 7.43915751932
1941 7.43855660969
1942 7.43811188250667
1943 7.43766715532333
1944 7.43722242814
1945 7.43677770095667
1946 7.43633297377333
1947 7.43588824659
1948 7.43544351940667
1949 7.43499879222333
1950 7.43455406504
1951 7.43410933785667
1952 7.43366461067333
1953 7.43321988349
1954 7.43277515630667
1955 7.43233042912333
1956 7.43188570194
1957 7.43144097475667
1958 7.43099624757333
1959 7.43055152039
1960 7.43010679320667
1961 7.42966206602333
1962 7.42921733884
1963 7.42877261165667
1964 7.42832788447333
1965 7.42788315729
1966 7.42743843010667
1967 7.42699370292333
1968 7.42654897574
1969 7.42610424855667
1970 7.42565952137333
1971 7.42521479419
1972 7.42477006700667
1973 7.42432533982333
1974 7.42388061264
1975 7.42343588545667
1976 7.42299115827333
1977 7.42254643109
1978 7.42210170390667
1979 7.42165697672333
1980 7.42121224954
1981 7.42076752235667
1982 7.42032279517333
1983 7.41987806799
1984 7.41943334080667
1985 7.41898861362333
1986 7.41854388644
1987 7.41809915925667
1988 7.41765443207333
1989 7.41720970489
1990 7.41676497770667
1991 7.41632025052333
1992 7.41587552334
1993 7.41543079615667
1994 7.41498606897333
1995 7.41454134179
1996 7.41409661460667
1997 7.41365188742333
1998 7.41320716024
1999 7.41276243305667
2000 7.41231770587333
2001 7.4121096671
2002 7.4120594206
2003 7.4120091741
2004 7.4119589276
2005 7.4119086811
2006 7.4118584346
2007 7.4118081881
2008 7.4117579416
2009 7.4117076951
2010 7.4116574486
2011 7.4116072021
2012 7.4115569556
2013 7.4115067091
2014 7.4114564626
2015 7.4114062161
2016 7.4113559696
2017 7.4113057231
2018 7.4112554766
2019 7.4112052301
2020 7.4111549836
2021 7.4111047371
2022 7.4110544906
2023 7.4110042441
2024 7.4109539976
2025 7.4109037511
2026 7.4108535046
2027 7.4108032581
2028 7.4107530116
2029 7.4107027651
2030 7.4106525186
2031 7.4106022721
2032 7.4105520256
2033 7.4105017791
2034 7.4104515326
2035 7.4104012861
2036 7.4103510396
2037 7.4103007931
2038 7.4102505466
2039 7.4102003001
2040 7.4101500536
2041 7.4100998071
2042 7.4100495606
2043 7.4099993141
2044 7.4099490676
2045 7.4098988211
2046 7.4098485746
2047 7.4097983281
2048 7.4097480816
2049 7.4096978351
2050 7.4096475886
2051 7.4095973421
2052 7.4095470956
2053 7.4094968491
2054 7.4094466026
2055 7.4093963561
2056 7.4093461096
2057 7.4092958631
2058 7.4092456166
2059 7.4091953701
2060 7.4091451236
2061 7.40910158222
2062 7.40906251092
2063 7.40902343962
2064 7.40898436832
2065 7.40894529702
2066 7.40890622572
2067 7.40886715442
2068 7.40882808312
2069 7.40878901182
2070 7.40874994052
2071 7.40871086922
2072 7.40867179792
2073 7.40863272662
2074 7.40859365532
2075 7.40855458402
2076 7.40851551272
2077 7.40847644142
2078 7.40843737012
2079 7.40839829882
2080 7.40835922752
2081 7.40832015622
2082 7.40828108492
2083 7.40824201362
2084 7.40820294232
2085 7.40816387102
2086 7.40812479972
2087 7.40808572842
2088 7.40804665712
2089 7.40800758582
2090 7.40796851452
2091 7.40792944322
2092 7.40789037192
2093 7.40785130062
2094 7.40781222932
2095 7.40777315802
2096 7.40773408672
2097 7.40769501542
2098 7.40765594412
2099 7.40761687282
2100 7.40757780152
2101 7.40753873022
2102 7.40749965892
2103 7.40746058762
2104 7.40742151632
2105 7.40738244502
2106 7.40734337372
2107 7.40730430242
2108 7.40726523112
2109 7.40722615982
2110 7.40718708852
2111 7.40714801722
2112 7.40710894592
2113 7.40706987462
2114 7.40703080332
2115 7.40699173202
2116 7.40695266072
2117 7.40691358942
2118 7.40687451812
2119 7.40683544682
2120 7.40679637552
2121 7.40674142873
2122 7.40667589828
2123 7.40661036783
2124 7.40654483738
2125 7.40647930693
2126 7.40641377648
2127 7.40634824603
2128 7.40628271558
2129 7.40621718513
2130 7.40615165468
2131 7.40608612423
2132 7.40602059378
2133 7.40595506333
2134 7.40588953288
2135 7.40582400243
2136 7.40575847198
2137 7.40569294153
2138 7.40562741108
2139 7.40556188063
2140 7.40549635018
2141 7.40543081973
2142 7.40536528928
2143 7.40529975883
2144 7.40523422838
2145 7.40516869793
2146 7.40510316748
2147 7.40503763703
2148 7.40497210658
2149 7.40490657613
2150 7.40484104568
2151 7.40477551523
2152 7.40470998478
2153 7.40464445433
2154 7.40457892388
2155 7.40451339343
2156 7.40444786298
2157 7.40438233253
2158 7.40431680208
2159 7.40425127163
2160 7.40418574118
2161 7.40412021073
2162 7.40405468028
2163 7.40398914983
2164 7.40392361938
2165 7.40385808893
2166 7.40379255848
2167 7.40372702803
2168 7.40366149758
2169 7.40359596713
2170 7.40353043668
2171 7.40346490623
2172 7.40339937578
2173 7.40333384533
2174 7.40326831488
2175 7.40320278443
2176 7.40313725398
2177 7.40307172353
2178 7.40300619308
2179 7.40294066263
2180 7.40287513218
2181 7.40265743085
2182 7.40233828226667
2183 7.40201913368333
2184 7.4016999851
2185 7.40138083651667
2186 7.40106168793333
2187 7.40074253935
2188 7.40042339076667
2189 7.40010424218333
2190 7.3997850936
2191 7.39946594501667
2192 7.39914679643333
2193 7.39882764785
2194 7.39850849926667
2195 7.39818935068333
2196 7.3978702021
2197 7.39755105351667
2198 7.39723190493333
2199 7.39691275635
2200 7.39659360776667
2201 7.39627445918333
2202 7.3959553106
2203 7.39563616201667
2204 7.39531701343333
2205 7.39499786485
2206 7.39467871626667
2207 7.39435956768333
2208 7.3940404191
2209 7.39372127051667
2210 7.39340212193333
2211 7.39308297335
2212 7.39276382476667
2213 7.39244467618333
2214 7.3921255276
2215 7.39180637901667
2216 7.39148723043333
2217 7.39116808185
2218 7.39084893326667
2219 7.39052978468333
2220 7.3902106361
2221 7.38989148751667
2222 7.38957233893333
2223 7.38925319035
2224 7.38893404176667
2225 7.38861489318333
2226 7.3882957446
2227 7.38797659601667
2228 7.38765744743333
2229 7.38733829885
2230 7.38701915026667
2231 7.38670000168333
2232 7.3863808531
2233 7.38606170451667
2234 7.38574255593333
2235 7.38542340735
2236 7.38510425876667
2237 7.38478511018333
2238 7.3844659616
2239 7.38414681301667
2240 7.38382766443333
2241 7.38346365901
2242 7.38306974902667
2243 7.38267583904333
2244 7.38228192906
2245 7.38188801907667
2246 7.38149410909333
2247 7.38110019911
2248 7.38070628912667
2249 7.38031237914333
2250 7.37991846916
2251 7.37952455917667
2252 7.37913064919333
2253 7.37873673921
2254 7.37834282922667
2255 7.37794891924333
2256 7.37755500926
2257 7.37716109927667
2258 7.37676718929333
2259 7.37637327931
2260 7.37597936932667
2261 7.37558545934333
2262 7.37519154936
2263 7.37479763937667
2264 7.37440372939333
2265 7.37400981941
2266 7.37361590942667
2267 7.37322199944333
2268 7.37282808946
2269 7.37243417947667
2270 7.37204026949333
2271 7.37164635951
2272 7.37125244952667
2273 7.37085853954333
2274 7.37046462956
2275 7.37007071957667
2276 7.36967680959333
2277 7.36928289961
2278 7.36888898962667
2279 7.36849507964333
2280 7.36810116966
2281 7.36770725967667
2282 7.36731334969333
2283 7.36691943971
2284 7.36652552972667
2285 7.36613161974333
2286 7.36573770976
2287 7.36534379977667
2288 7.36494988979333
2289 7.36455597981
2290 7.36416206982667
2291 7.36376815984333
2292 7.36337424986
2293 7.36298033987667
2294 7.36258642989333
2295 7.36219251991
2296 7.36179860992667
2297 7.36140469994333
2298 7.36101078996
2299 7.36061687997667
2300 7.36022296999333
2301 7.35978767905
2302 7.3593248008
2303 7.35886192255
2304 7.3583990443
2305 7.35793616605
2306 7.3574732878
2307 7.35701040955
2308 7.3565475313
2309 7.35608465305
2310 7.3556217748
2311 7.35515889655
2312 7.3546960183
2313 7.35423314005
2314 7.3537702618
2315 7.35330738355
2316 7.3528445053
2317 7.35238162705
2318 7.3519187488
2319 7.35145587055
2320 7.3509929923
2321 7.35053011405
2322 7.3500672358
2323 7.34960435755
2324 7.3491414793
2325 7.34867860105
2326 7.3482157228
2327 7.34775284455
2328 7.3472899663
2329 7.34682708805
2330 7.3463642098
2331 7.34590133155
2332 7.3454384533
2333 7.34497557505
2334 7.3445126968
2335 7.34404981855
2336 7.3435869403
2337 7.34312406205
2338 7.3426611838
2339 7.34219830555
2340 7.3417354273
2341 7.34127254905
2342 7.3408096708
2343 7.34034679255
2344 7.3398839143
2345 7.33942103605
2346 7.3389581578
2347 7.33849527955
2348 7.3380324013
2349 7.33756952305
2350 7.3371066448
2351 7.33664376655
2352 7.3361808883
2353 7.33571801005
2354 7.3352551318
2355 7.33479225355
2356 7.3343293753
2357 7.33386649705
2358 7.3334036188
2359 7.33294074055
2360 7.3324778623
2361 7.3321316546
2362 7.33186322726667
2363 7.33159479993333
2364 7.3313263726
2365 7.33105794526667
2366 7.33078951793333
2367 7.3305210906
2368 7.33025266326667
2369 7.32998423593333
2370 7.3297158086
2371 7.32944738126667
2372 7.32917895393333
2373 7.3289105266
2374 7.32864209926667
2375 7.32837367193333
2376 7.3281052446
2377 7.32783681726667
2378 7.32756838993333
2379 7.3272999626
2380 7.32703153526667
2381 7.32676310793333
2382 7.3264946806
2383 7.32622625326667
2384 7.32595782593333
2385 7.3256893986
2386 7.32542097126667
2387 7.32515254393333
2388 7.3248841166
2389 7.32461568926667
2390 7.32434726193333
2391 7.3240788346
2392 7.32381040726667
2393 7.32354197993333
2394 7.3232735526
2395 7.32300512526667
2396 7.32273669793333
2397 7.3224682706
2398 7.32219984326667
2399 7.32193141593333
2400 7.3216629886
2401 7.32139456126667
2402 7.32112613393333
2403 7.3208577066
2404 7.32058927926667
2405 7.32032085193333
2406 7.3200524246
2407 7.31978399726667
2408 7.31951556993333
2409 7.3192471426
2410 7.31897871526667
2411 7.31871028793333
2412 7.3184418606
2413 7.31817343326667
2414 7.31790500593333
2415 7.3176365786
2416 7.31736815126667
2417 7.31709972393333
2418 7.3168312966
2419 7.31656286926667
2420 7.31629444193333
2421 7.31594944101
2422 7.31555339102667
2423 7.31515734104333
2424 7.31476129106
2425 7.31436524107667
2426 7.31396919109333
2427 7.31357314111
2428 7.31317709112667
2429 7.31278104114333
2430 7.31238499116
2431 7.31198894117667
2432 7.31159289119333
2433 7.31119684121
2434 7.31080079122667
2435 7.31040474124333
2436 7.31000869126
2437 7.30961264127667
2438 7.30921659129333
2439 7.30882054131
2440 7.30842449132667
2441 7.30802844134333
2442 7.30763239136
2443 7.30723634137667
2444 7.30684029139333
2445 7.30644424141
2446 7.30604819142667
2447 7.30565214144333
2448 7.30525609146
2449 7.30486004147667
2450 7.30446399149333
2451 7.30406794151
2452 7.30367189152667
2453 7.30327584154333
2454 7.30287979156
2455 7.30248374157667
2456 7.30208769159333
2457 7.30169164161
2458 7.30129559162667
2459 7.30089954164333
2460 7.30050349166
2461 7.30010744167667
2462 7.29971139169333
2463 7.29931534171
2464 7.29891929172667
2465 7.29852324174333
2466 7.29812719176
2467 7.29773114177667
2468 7.29733509179333
2469 7.29693904181
2470 7.29654299182667
2471 7.29614694184333
2472 7.29575089186
2473 7.29535484187667
2474 7.29495879189333
2475 7.29456274191
2476 7.29416669192667
2477 7.29377064194333
2478 7.29337459196
2479 7.29297854197667
2480 7.29258249199333
2481 7.29234595281
2482 7.29221575416
2483 7.29208555551
2484 7.29195535686
2485 7.29182515821
2486 7.29169495956
2487 7.29156476091
2488 7.29143456226
2489 7.29130436361
2490 7.29117416496
2491 7.29104396631
2492 7.29091376766
2493 7.29078356901
2494 7.29065337036
2495 7.29052317171
2496 7.29039297306
2497 7.29026277441
2498 7.29013257576
2499 7.29000237711
2500 7.28987217846
2501 7.28974197981
2502 7.28961178116
2503 7.28948158251
2504 7.28935138386
2505 7.28922118521
2506 7.28909098656
2507 7.28896078791
2508 7.28883058926
2509 7.28870039061
2510 7.28857019196
2511 7.28843999331
2512 7.28830979466
2513 7.28817959601
2514 7.28804939736
2515 7.28791919871
2516 7.28778900006
2517 7.28765880141
2518 7.28752860276
2519 7.28739840411
2520 7.28726820546
2521 7.28713800681
2522 7.28700780816
2523 7.28687760951
2524 7.28674741086
2525 7.28661721221
2526 7.28648701356
2527 7.28635681491
2528 7.28622661626
2529 7.28609641761
2530 7.28596621896
2531 7.28583602031
2532 7.28570582166
2533 7.28557562301
2534 7.28544542436
2535 7.28531522571
2536 7.28518502706
2537 7.28505482841
2538 7.28492462976
2539 7.28479443111
2540 7.28466423246
2541 7.28440633675
2542 7.28406330966667
2543 7.28372028258333
2544 7.2833772555
2545 7.28303422841667
2546 7.28269120133333
2547 7.28234817425
2548 7.28200514716667
2549 7.28166212008333
2550 7.281319093
2551 7.28097606591667
2552 7.28063303883333
2553 7.28029001175
2554 7.27994698466667
2555 7.27960395758333
2556 7.2792609305
2557 7.27891790341667
2558 7.27857487633333
2559 7.27823184925
2560 7.27788882216667
2561 7.27754579508333
2562 7.277202768
2563 7.27685974091667
2564 7.27651671383333
2565 7.27617368675
2566 7.27583065966667
2567 7.27548763258333
2568 7.2751446055
2569 7.27480157841667
2570 7.27445855133333
2571 7.27411552425
2572 7.27377249716667
2573 7.27342947008333
2574 7.273086443
2575 7.27274341591667
2576 7.27240038883333
2577 7.27205736175
2578 7.27171433466667
2579 7.27137130758333
2580 7.2710282805
2581 7.27068525341667
2582 7.27034222633333
2583 7.26999919925
2584 7.26965617216667
2585 7.26931314508333
2586 7.268970118
2587 7.26862709091667
2588 7.26828406383333
2589 7.26794103675
2590 7.26759800966667
2591 7.26725498258333
2592 7.2669119555
2593 7.26656892841667
2594 7.26622590133333
2595 7.26588287425
2596 7.26553984716667
2597 7.26519682008333
2598 7.264853793
2599 7.26451076591667
2600 7.26416773883333
2601 7.2640895865043
2602 7.2641880173448
2603 7.26428644818531
2604 7.26438487902581
2605 7.26448330986631
2606 7.26458174070682
2607 7.26468017154732
2608 7.26477860238782
2609 7.26487703322833
2610 7.26497546406883
2611 7.26507389490933
2612 7.26517232574983
2613 7.26527075659034
2614 7.26536918743084
2615 7.26546761827134
2616 7.26556604911185
2617 7.26566447995235
2618 7.26576291079285
2619 7.26586134163336
2620 7.26595977247386
2621 7.26605820331436
2622 7.26615663415486
2623 7.26625506499537
2624 7.26635349583587
2625 7.26645192667637
2626 7.26655035751688
2627 7.26664878835738
2628 7.26674721919788
2629 7.26684565003839
2630 7.26694408087889
2631 7.26704251171939
2632 7.26714094255989
2633 7.2672393734004
2634 7.2673378042409
2635 7.2674362350814
2636 7.26753466592191
2637 7.26763309676241
2638 7.26773152760291
2639 7.26782995844342
2640 7.26792838928392
2641 7.26802682012442
2642 7.26812525096492
2643 7.26822368180543
2644 7.26832211264593
2645 7.26842054348643
2646 7.26836491075
2647 7.26839218445
2648 7.26928625296
2649 7.26988039867
2650 7.27187674169
2651 7.26852535747
2652 7.26411567522
2653 7.26888470436
2654 7.2706820869
2655 7.2709656723945
2656 7.270534981263
2657 7.2701042901315
2658 7.269673599
2659 7.26521643256
2660 7.26854609005
2661 7.26661897822
2662 7.2646359765
2663 7.26513003749
2664 7.26589488472
2665 7.26401630159
2666 7.26015733596
2667 7.26030294922
2668 7.26527349875
2669 7.26415531145
2670 7.26575218844
2671 7.26492774298
2672 7.26662895632
2673 7.26995750094
2674 7.26741038699
2675 7.26210456765
2676 7.26048470309
2677 7.25249558448993
2678 7.24914984556376
2679 7.25644749362
2680 7.26574110748
2681 7.26410771202
2682 7.26487183522
2683 7.26741609156
2684 7.26146966434
2685 7.26161932266
2686 7.26191039022
2687 7.26251276212
2688 7.2616641748
2689 7.265276623
2690 7.26380333216
2691 7.26615887172
2692 7.26624114876
2693 7.26362150488
2694 7.26309384372
2695 7.26085603038
2696 7.25647545252
2697 7.25590760492
2698 7.25454931988
2699 7.25376958512
2700 7.25285544836
2701 7.25527516344
2702 7.2444955058
2703 7.24060981332
2704 7.23832966162
2705 7.23119194428
2706 7.2296908247
2707 7.22586153896
2708 7.23000361014
2709 7.2252851134
2710 7.21912290872
2711 7.21266445122
2712 7.20282139476
2713 7.1978773805
2714 7.19973368718
2715 7.20353745708
2716 7.20189487474
2717 7.1998940529
2718 7.1999555662
2719 7.19734956124
2720 7.19562082128
2721 7.19731435114
2722 7.18968996058
2723 7.18639729362
2724 7.18487859638
2725 7.18083977686
2726 7.17710374386
2727 7.17749781968
2728 7.17332723598684
2729 7.16990074366
2730 7.17280371919
2731 7.17478350069
2732 7.17676328219
2733 7.17874306369
2734 7.18072284519
2735 7.18270262669
2736 7.18468240819
2737 7.18666218969
2738 7.18864197119
2739 7.19062175269
2740 7.192019839778
2741 7.191762335078
2742 7.191504830378
2743 7.191247325678
2744 7.190989820978
2745 7.190732316278
2746 7.190474811578
2747 7.190217306878
2748 7.189959802178
2749 7.189702297478
2750 7.18953684102
2751 7.18963336802
2752 7.18972989502
2753 7.18982642202
2754 7.18992294902
2755 7.19001947602
2756 7.19011600302
2757 7.19021253002
2758 7.19030905702
2759 7.19040558402
2760 7.190050468842
2761 7.188409910542
2762 7.186769352242
2763 7.185128793942
2764 7.183488235642
2765 7.181847677342
2766 7.180207119042
2767 7.178566560742
2768 7.176926002442
2769 7.175285444142
2770 7.173737143722
2771 7.172451423422
2772 7.171165703122
2773 7.169879982822
2774 7.168594262522
2775 7.167308542222
2776 7.166022821922
2777 7.164737101622
2778 7.163451381322
2779 7.162165661022
2780 7.161256930686
2781 7.161421171786
2782 7.161585412886
2783 7.161749653986
2784 7.161913895086
2785 7.162078136186
2786 7.162242377286
2787 7.162406618386
2788 7.162570859486
2789 7.162735100586
2790 7.16294238492
2791 7.16327217692
2792 7.16360196892
2793 7.16393176092
2794 7.16426155292
2795 7.16459134492
2796 7.16492113692
2797 7.16525092892
2798 7.16558072092
2799 7.16591051292
2800 7.165696179572
2801 7.163933181772
2802 7.162170183972
2803 7.160407186172
2804 7.158644188372
2805 7.156881190572
2806 7.155118192772
2807 7.153355194972
2808 7.151592197172
2809 7.149829199372
2810 7.14774737951
2811 7.14475814301
2812 7.14176890651
2813 7.13877967001
2814 7.13579043351
2815 7.13280119701
2816 7.12981196051
2817 7.12682272401
2818 7.12383348751
2819 7.12084425101
2820 7.118632216
2821 7.118632216
2822 7.118632216
2823 7.118632216
2824 7.118632216
2825 7.118632216
2826 7.118632216
2827 7.118632216
2828 7.118632216
2829 7.118632216
2830 7.118632216
2831 7.118632216
2832 7.118632216
2833 7.118632216
2834 7.118632216
2835 7.118632216
2836 7.118632216
2837 7.118632216
2838 7.118632216
2839 7.118632216
2840 7.118632216
2841 7.118632216
2842 7.118632216
2843 7.118632216
2844 7.118632216
2845 7.118632216
2846 7.118632216
2847 7.118632216
2848 7.118632216
2849 7.118632216
2850 7.118632216
2851 7.118632216
2852 7.118632216
2853 7.118632216
2854 7.118632216
2855 7.118632216
2856 7.118632216
2857 7.118632216
2858 7.118632216
2859 7.118632216
2860 7.118632216
2861 7.118632216
2862 7.118632216
2863 7.118632216
2864 7.118632216
2865 7.118632216
2866 7.118632216
2867 7.118632216
2868 7.118632216
2869 7.118632216
2870 7.118632216
2871 7.118632216
2872 7.118632216
2873 7.118632216
2874 7.118632216
2875 7.118632216
2876 7.118632216
2877 7.118632216
2878 7.118632216
2879 7.118632216
2880 7.118454108538
2881 7.117769079838
2882 7.117084051138
2883 7.116399022438
2884 7.115713993738
2885 7.115028965038
2886 7.114343936338
2887 7.113658907638
2888 7.112973878938
2889 7.112288850238
2890 7.111603821538
2891 7.110918792838
2892 7.110233764138
2893 7.109548735438
2894 7.108863706738
2895 7.108178678038
2896 7.107493649338
2897 7.106808620638
2898 7.106123591938
2899 7.105438563238
2900 7.104753534538
2901 7.104068505838
2902 7.103383477138
2903 7.102698448438
2904 7.102013419738
2905 7.101328391038
2906 7.100643362338
2907 7.099958333638
2908 7.099273304938
2909 7.098588276238
2910 7.097903247538
2911 7.097218218838
2912 7.096533190138
2913 7.095848161438
2914 7.095163132738
2915 7.094478104038
2916 7.093793075338
2917 7.093108046638
2918 7.092423017938
2919 7.091737989238
2920 7.091052960538
2921 7.090367931838
2922 7.089682903138
2923 7.088997874438
2924 7.088312845738
2925 7.087627817038
2926 7.086942788338
2927 7.086257759638
2928 7.085572730938
2929 7.084887702238
2930 7.084202673538
2931 7.083517644838
2932 7.082832616138
2933 7.082147587438
2934 7.081462558738
2935 7.080777530038
2936 7.080092501338
2937 7.079407472638
2938 7.078722443938
2939 7.078037415238
2940 7.0771350972557
2941 7.07561434054684
2942 7.07409358383797
2943 7.07257282712911
2944 7.07105207042025
2945 7.06953131371139
2946 7.06801055700253
2947 7.06648980029367
2948 7.06496904358481
2949 7.06344828687595
2950 7.06192753016709
2951 7.06040677345823
2952 7.05941264639179
2953 7.05917635222542
2954 7.05894005805906
2955 7.05870376389269
2956 7.05846746972632
2957 7.05823117555996
2958 7.05799488139359
2959 7.05775858722722
2960 7.05752229306086
2961 7.05728599889449
2962 7.05704970472812
2963 7.05681341056176
2964 7.05657711639539
2965 7.05634082222902
2966 7.05610452806266
2967 7.05586823389629
2968 7.05563193972992
2969 7.05539564556356
2970 7.05515935139719
2971 7.05492305723083
2972 7.05468676306446
2973 7.05445046889809
2974 7.05421417473173
2975 7.05397788056536
2976 7.05374158639899
2977 7.05350529223263
2978 7.05326899806626
2979 7.05303270389989
2980 7.0448950108
2981 7.03505815424
2982 7.0274146352
2983 7.02005450064
2984 7.0104897706
2985 7.00462514596
2986 6.99101055847999
2987 6.96550107863999
2988 6.94102826047999
2989 6.931208484504
2990 6.928238618104
2991 6.925268751704
2992 6.922298885304
2993 6.919329018904
2994 6.915557304184
2995 6.911334549784
2996 6.907111795384
2997 6.902889040984
2998 6.898666286584
2999 6.894734253208
3000 6.890965750408
3001 6.887197247608
3002 6.883428744808
3003 6.879660242008
3004 6.876924516808
3005 6.874769729008
3006 6.872614941208
3007 6.870460153408
3008 6.868305365608
3009 6.865900757008
3010 6.863355624208
3011 6.860810491408
3012 6.858265358608
3013 6.855720225808
3014 6.853121040144
3015 6.850491449744
3016 6.847861859344
3017 6.845232268944
3018 6.842602678544
3019 6.840780333072
3020 6.839412062872
3021 6.838043792672
3022 6.836675522472
3023 6.835307252272
3024 6.833367162168
3025 6.831105423368
3026 6.828843684568
3027 6.826581945768
3028 6.824320206968
3029 6.822179105864
3030 6.820105863464
3031 6.818032621064
3032 6.815959378664
3033 6.813886136264
3034 6.811444559912
3035 6.808795795712
3036 6.806147031512
3037 6.803498267312
3038 6.800849503112
3039 6.7974760824
3040 6.7936950424
3041 6.7899140024
3042 6.7861329624
3043 6.7823519224
3044 6.779705074656
3045 6.777696210056
3046 6.775687345456
3047 6.773678480856
3048 6.771669616256
3049 6.767093471784
3050 6.761073232384
3051 6.755052992984
3052 6.749032753584
3053 6.743012514184
3054 6.734543839712
3055 6.724697920512
3056 6.714852001312
3057 6.705006082112
3058 6.695160162912
3059 6.69126394645333
3060 6.69071443778667
3061 6.69016492912
3062 6.68961542045333
3063 6.68906591178667
3064 6.68851640312
3065 6.68796689445333
3066 6.68741738578667
3067 6.68686787712
3068 6.68631836845333
3069 6.68576885978667
3070 6.68521935112
3071 6.68466984245333
3072 6.68412033378667
3073 6.68357082512
3074 6.68207356328
3075 6.68004319028
3076 6.67801281728
3077 6.67598244428
3078 6.67395207128
3079 6.67192169828
3080 6.66989132528
3081 6.66786095228
3082 6.66583057928
3083 6.66380020628
3084 6.66176983328
3085 6.65973946028
3086 6.65770908728
3087 6.65567871428
3088 6.65364834128
3089 6.652335706136
3090 6.651426798536
3091 6.650517890936
3092 6.649608983336
3093 6.648700075736
3094 6.647791168136
3095 6.646882260536
3096 6.645973352936
3097 6.645064445336
3098 6.644155537736
3099 6.643246630136
3100 6.642337722536
3101 6.641428814936
3102 6.640519907336
3103 6.639610999736
3104 6.63790150201333
3105 6.63574167234667
3106 6.63358184268
3107 6.63142201301333
3108 6.62926218334667
3109 6.62710235368
3110 6.62494252401333
3111 6.62278269434667
3112 6.62062286468
3113 6.61846303501333
3114 6.61630320534667
3115 6.61414337568
3116 6.61198354601333
3117 6.60982371634667
3118 6.60766388668
3119 6.60627743262933
3120 6.60532600236267
3121 6.604374572096
3122 6.60342314182933
3123 6.60247171156267
3124 6.601520281296
3125 6.60056885102933
3126 6.59961742076267
3127 6.598665990496
3128 6.59771456022933
3129 6.59676312996267
3130 6.595811699696
3131 6.59486026942933
3132 6.59390883916267
3133 6.592957408896
3134 6.590961502768
3135 6.588378078968
3136 6.585794655168
3137 6.583211231368
3138 6.580627807568
3139 6.578044383768
3140 6.575460959968
3141 6.572877536168
3142 6.570294112368
3143 6.567710688568
3144 6.565127264768
3145 6.562543840968
3146 6.559960417168
3147 6.557376993368
3148 6.554793569568
3149 6.553955695976
3150 6.554099694376
3151 6.554243692776
3152 6.554387691176
3153 6.554531689576
3154 6.554675687976
3155 6.554819686376
3156 6.554963684776
3157 6.555107683176
3158 6.555251681576
3159 6.555395679976
3160 6.555539678376
3161 6.555683676776
3162 6.555827675176
3163 6.555971673576
3164 6.55408311334133
3165 6.55105123887467
3166 6.548019364408
3167 6.54498748994133
3168 6.54195561547467
3169 6.538923741008
3170 6.53589186654133
3171 6.53285999207467
3172 6.529828117608
3173 6.52679624314133
3174 6.52376436867467
3175 6.520732494208
3176 6.51770061974133
3177 6.51466874527467
3178 6.511636870808
3179 6.51142131847467
3180 6.51278994734133
3181 6.514158576208
3182 6.51552720507467
3183 6.51689583394133
3184 6.518264462808
3185 6.51963309167467
3186 6.52100172054133
3187 6.522370349408
3188 6.52373897827467
3189 6.52510760714133
3190 6.526476236008
3191 6.52784486487467
3192 6.52921349374133
3193 6.530582122608
3194 6.524592820808
3195 6.514464683008
3196 6.504336545208
3197 6.494208407408
3198 6.484080269608
3199 6.473952131808
3200 6.463823994008
3201 6.453695856208
3202 6.443567718408
3203 6.433439580608
3204 6.423311442808
3205 6.413183305008
3206 6.403055167208
3207 6.392927029408
3208 6.382798891608
3209 6.38293674518934
3210 6.38884921892267
3211 6.394761692656
3212 6.40067416638934
3213 6.40658664012267
3214 6.412499113856
3215 6.41841158758934
3216 6.42432406132267
3217 6.430236535056
3218 6.43614900878934
3219 6.44206148252267
3220 6.447973956256
3221 6.45388642998934
3222 6.45979890372267
3223 6.465711377456
3224 6.467839920864
3225 6.467840003464
3226 6.467840086064
3227 6.467840168664
3228 6.467840251264
3229 6.467840333864
3230 6.467840416464
3231 6.467840499064
3232 6.467840581664
3233 6.467840664264
3234 6.467840746864
3235 6.467840829464
3236 6.467840912064
3237 6.467840994664
3238 6.467841077264
3239 6.463810333112
3240 6.457512248912
3241 6.451214164712
3242 6.444916080512
3243 6.438617996312
3244 6.432319912112
3245 6.426021827912
3246 6.419723743712
3247 6.413425659512
3248 6.407127575312
3249 6.400829491112
3250 6.394531406912
3251 6.388233322712
3252 6.381935238512
3253 6.375637154312
3254 6.375725749792
3255 6.379406852592
3256 6.383087955392
3257 6.386769058192
3258 6.390450160992
3259 6.394131263792
3260 6.397812366592
3261 6.401493469392
3262 6.405174572192
3263 6.408855674992
3264 6.412536777792
3265 6.416217880592
3266 6.419898983392
3267 6.423580086192
3268 6.427261188992
3269 6.42491379592
3270 6.41917537392
3271 6.41343695192
3272 6.40769852992
3273 6.40196010792
3274 6.39622168592
3275 6.39048326392
3276 6.38474484192
3277 6.37900641992
3278 6.37326799792
3279 6.36752957592
3280 6.36179115392
3281 6.35605273192
3282 6.35031430992
3283 6.34457588792
