-67 7.306330683066
-66 7.306814697966
-65 7.307298712866
-64 7.307782727766
-63 7.308266742666
-62 7.308750757566
-61 7.309234772466
-60 7.309718787366
-59 7.310202802266
-58 7.310686817166
-57 7.311054054068
-56 7.311194604268
-55 7.311335154468
-54 7.311475704668
-53 7.311616254868
-52 7.311756805068
-51 7.311897355268
-50 7.312037905468
-49 7.312178455668
-48 7.312319005868
-47 7.31238592178515
-46 7.31230990056499
-45 7.31223387934483
-44 7.31215785812467
-43 7.31208183690451
-42 7.31200581568435
-41 7.31192979446419
-40 7.31185377324403
-39 7.31177775202387
-38 7.31170173080371
-37 7.31162570958355
-36 7.311557910257
-35 7.311755952157
-34 7.311953994057
-33 7.312152035957
-32 7.312350077857
-31 7.312548119757
-30 7.312746161657
-29 7.312944203557
-28 7.313142245457
-27 7.313340287357
-26 7.313536915888
-25 7.313687845488
-24 7.313838775088
-23 7.313989704688
-22 7.314140634288
-21 7.314291563888
-20 7.314442493488
-19 7.314593423088
-18 7.314744352688
-17 7.314895282288
-16 7.31502187646328
-15 7.31436162523935
-14 7.31370137401541
-13 7.31304112279148
-12 7.31238087156754
-11 7.31172062034361
-10 7.31106036911967
-9 7.31040011789574
-8 7.3097398666718
-7 7.30907961544787
-6 7.30841936422394
-5 7.307759113
-4 7.306870896
-3 7.306538353
-2 7.303412022
-1 7.304972513
0 7.30655229653659
1 7.307345507
2 7.302068067
3 7.308959148
4 7.308691594
5 7.322335379
6 7.377778236
7 7.429568783
8 7.456085281
9 7.477882515
10 7.522905606
11 7.591782992
12 7.69283226
13 7.772337173
14 7.772337173
15 7.850708754
16 7.843495345
17 7.863367248
18 7.912546115
19 7.852682632
20 7.866127839
21 7.81551459
22 7.876254249
23 7.870271842
24 7.936399858
25 7.936399858
26 7.996894109
27 7.936399858
28 7.936399858
29 7.926731725
30 7.926731725
31 7.979428756
32 7.92879638
33 7.922127634
34 7.922127634
35 7.92147199
36 7.933190773
37 7.843230617
38 7.890089705
39 7.998862568
40 7.9678389536
41 7.9368153392
42 7.9057917248
43 7.8747681104
44 7.843744496
45 7.8321420564
46 7.8205396168
47 7.8089371772
48 7.7973347376
49 7.785732298
50 7.7817908926
51 7.7778494872
52 7.7739080818
53 7.7699666764
54 7.766025271
55 7.7670742662
56 7.7681232614
57 7.7691722566
58 7.7702212518
59 7.771270247
60 7.7692315218
61 7.7671927966
62 7.7651540714
63 7.7631153462
64 7.761076621
65 7.7610939178
66 7.7611112146
67 7.7611285114
68 7.7611458082
69 7.761163105
70 7.7639906292
71 7.7668181534
72 7.7696456776
73 7.7724732018
74 7.775300726
75 7.7702512806
76 7.7652018352
77 7.7601523898
78 7.7551029444
79 7.750053499
80 7.7424224424
81 7.7347913858
82 7.7271603292
83 7.7195292726
84 7.711898216
85 7.7156752242
86 7.7194522324
87 7.7232292406
88 7.7270062488
89 7.730783257
90 7.7284684418
91 7.7261536266
92 7.7238388114
93 7.7215239962
94 7.719209181
95 7.7180397582
96 7.7168703354
97 7.7157009126
98 7.7145314898
99 7.713362067
100 7.7200842306
101 7.7268063942
102 7.7335285578
103 7.7402507214
104 7.746972885
105 7.7426652836
106 7.7383576822
107 7.7340500808
108 7.7297424794
109 7.725434878
110 7.7255467694
111 7.7256586608
112 7.7257705522
113 7.7258824436
114 7.725994335
115 7.7218938342
116 7.7177933334
117 7.7136928326
118 7.7095923318
119 7.705491831
120 7.7077542188
121 7.7100166066
122 7.7122789944
123 7.7145413822
124 7.71680377
125 7.714486084
126 7.712168398
127 7.709850712
128 7.707533026
129 7.70521534
130 7.7066850792
131 7.7081548184
132 7.7096245576
133 7.7110942968
134 7.712564036
135 7.7112472866
136 7.7099305372
137 7.7086137878
138 7.7072970384
139 7.705980289
140 7.7033173226
141 7.7006543562
142 7.6979913898
143 7.6953284234
144 7.692665457
145 7.6958702096
146 7.6990749622
147 7.7022797148
148 7.7054844674
149 7.70868922
150 7.7046348818
151 7.7005805436
152 7.6965262054
153 7.6924718672
154 7.688417529
155 7.6895714074
156 7.6907252858
157 7.6918791642
158 7.6930330426
159 7.694186921
160 7.6928265482
161 7.6914661754
162 7.6901058026
163 7.6887454298
164 7.687385057
165 7.6847735538
166 7.6821620506
167 7.6795505474
168 7.6769390442
169 7.674327541
170 7.6775087828
171 7.6806900246
172 7.6838712664
173 7.6870525082
174 7.69023375
175 7.6932855454
176 7.6963373408
177 7.6993891362
178 7.7024409316
179 7.705492727
180 7.7046725013
181 7.7038522756
182 7.7030320499
183 7.7022118242
184 7.7013915985
185 7.7005713728
186 7.6997511471
187 7.6989309214
188 7.6981106957
189 7.69729047
190 7.6964702443
191 7.6956500186
192 7.6948297929
193 7.6940095672
194 7.6931893415
195 7.6923691158
196 7.6915488901
197 7.6907286644
198 7.6899084387
199 7.689088213
200 7.68901560205
201 7.6889429911
202 7.68887038015
203 7.6887977692
204 7.68872515825
205 7.6886525473
206 7.68857993635
207 7.6885073254
208 7.68843471445
209 7.6883621035
210 7.68828949255
211 7.6882168816
212 7.68814427065
213 7.6880716597
214 7.68799904875
215 7.6879264378
216 7.68785382685
217 7.6877812159
218 7.68770860495
219 7.687635994
220 7.6866760958
221 7.6857161976
222 7.6847562994
223 7.6837964012
224 7.682836503
225 7.6818766048
226 7.6809167066
227 7.6799568084
228 7.6789969102
229 7.678037012
230 7.6770771138
231 7.6761172156
232 7.6751573174
233 7.6741974192
234 7.673237521
235 7.6722776228
236 7.6713177246
237 7.6703578264
238 7.6693979282
239 7.66843803
240 7.66789290965
241 7.6673477893
242 7.66680266895
243 7.6662575486
244 7.66571242825
245 7.6651673079
246 7.66462218755
247 7.6640770672
248 7.66353194685
249 7.6629868265
250 7.66244170615
251 7.6618965858
252 7.66135146545
253 7.6608063451
254 7.66026122475
255 7.6597161044
256 7.65917098405
257 7.6586258637
258 7.65808074335
259 7.657535623
260 7.65708007235
261 7.6566245217
262 7.65616897105
263 7.6557134204
264 7.65525786975
265 7.6548023191
266 7.65434676845
267 7.6538912178
268 7.65343566715
269 7.6529801165
270 7.65252456585
271 7.6520690152
272 7.65161346455
273 7.6511579139
274 7.65070236325
275 7.6502468126
276 7.64979126195
277 7.6493357113
278 7.64888016065
279 7.64842461
280 7.64764508745
281 7.6468655649
282 7.64608604235
283 7.6453065198
284 7.64452699725
285 7.6437474747
286 7.64296795215
287 7.6421884296
288 7.64140890705
289 7.6406293845
290 7.63984986195
291 7.6390703394
292 7.63829081685
293 7.6375112943
294 7.63673177175
295 7.6359522492
296 7.63517272665
297 7.6343932041
298 7.63361368155
299 7.632834159
300 7.6324751353
301 7.6321161116
302 7.6317570879
303 7.6313980642
304 7.6310390405
305 7.6306800168
306 7.6303209931
307 7.6299619694
308 7.6296029457
309 7.629243922
310 7.6288848983
311 7.6285258746
312 7.6281668509
313 7.6278078272
314 7.6274488035
315 7.6270897798
316 7.6267307561
317 7.6263717324
318 7.6260127087
319 7.625653685
320 7.62510702618333
321 7.62456036736667
322 7.62401370855
323 7.62346704973333
324 7.62292039091667
325 7.6223737321
326 7.62182707328333
327 7.62128041446667
328 7.62073375565
329 7.62018709683333
330 7.61964043801667
331 7.6190937792
332 7.61854712038333
333 7.61800046156667
334 7.61745380275
335 7.61690714393333
336 7.61636048511667
337 7.6158138263
338 7.61526716748333
339 7.61472050866667
340 7.61417384985
341 7.61362719103333
342 7.61308053221667
343 7.6125338734
344 7.61198721458333
345 7.61144055576667
346 7.61089389695
347 7.61034723813333
348 7.60980057931667
349 7.6092539205
350 7.60870726168333
351 7.60816060286667
352 7.60761394405
353 7.60706728523333
354 7.60652062641667
355 7.6059739676
356 7.60542730878333
357 7.60488064996667
358 7.60433399115
359 7.60378733233333
360 7.60324067351667
361 7.6026940147
362 7.60214735588333
363 7.60160069706667
364 7.60105403825
365 7.60050737943333
366 7.59996072061667
367 7.5994140618
368 7.59886740298333
369 7.59832074416667
370 7.59777408535
371 7.59722742653333
372 7.59668076771667
373 7.5961341089
374 7.59558745008333
375 7.59504079126667
376 7.59449413245
377 7.59394747363333
378 7.59340081481667
379 7.592854156
380 7.59247312485
381 7.5920920937
382 7.59171106255
383 7.5913300314
384 7.59094900025
385 7.5905679691
386 7.59018693795
387 7.5898059068
388 7.58942487565
389 7.5890438445
390 7.58866281335
391 7.5882817822
392 7.58790075105
393 7.5875197199
394 7.58713868875
395 7.5867576576
396 7.58637662645
397 7.5859955953
398 7.58561456415
399 7.585233533
400 7.58485250185
401 7.5844714707
402 7.58409043955
403 7.5837094084
404 7.58332837725
405 7.5829473461
406 7.58256631495
407 7.5821852838
408 7.58180425265
409 7.5814232215
410 7.58104219035
411 7.5806611592
412 7.58028012805
413 7.5798990969
414 7.57951806575
415 7.5791370346
416 7.57875600345
417 7.5783749723
418 7.57799394115
419 7.57761291
420 7.57723187885
421 7.5768508477
422 7.57646981655
423 7.5760887854
424 7.57570775425
425 7.5753267231
426 7.57494569195
427 7.5745646608
428 7.57418362965
429 7.5738025985
430 7.57342156735
431 7.5730405362
432 7.57265950505
433 7.5722784739
434 7.57189744275
435 7.5715164116
436 7.57113538045
437 7.5707543493
438 7.57037331815
439 7.569992287
440 7.56979562235
441 7.5695989577
442 7.56940229305
443 7.5692056284
444 7.56900896375
445 7.5688122991
446 7.56861563445
447 7.5684189698
448 7.56822230515
449 7.5680256405
450 7.56782897585
451 7.5676323112
452 7.56743564655
453 7.5672389819
454 7.56704231725
455 7.5668456526
456 7.56664898795
457 7.5664523233
458 7.56625565865
459 7.566058994
460 7.56586232935
461 7.5656656647
462 7.56546900005
463 7.5652723354
464 7.56507567075
465 7.5648790061
466 7.56468234145
467 7.5644856768
468 7.56428901215
469 7.5640923475
470 7.56389568285
471 7.5636990182
472 7.56350235355
473 7.5633056889
474 7.56310902425
475 7.5629123596
476 7.56271569495
477 7.5625190303
478 7.56232236565
479 7.562125701
480 7.56192903635
481 7.5617323717
482 7.56153570705
483 7.5613390424
484 7.56114237775
485 7.5609457131
486 7.56074904845
487 7.5605523838
488 7.56035571915
489 7.5601590545
490 7.55996238985
491 7.5597657252
492 7.55956906055
493 7.5593723959
494 7.55917573125
495 7.5589790666
496 7.55878240195
497 7.5585857373
498 7.55838907265
499 7.558192408
500 7.55783246453333
501 7.55747252106667
502 7.5571125776
503 7.55675263413333
504 7.55639269066667
505 7.5560327472
506 7.55567280373333
507 7.55531286026667
508 7.5549529168
509 7.55459297333333
510 7.55423302986667
511 7.5538730864
512 7.55351314293333
513 7.55315319946667
514 7.552793256
515 7.55243331253333
516 7.55207336906667
517 7.5517134256
518 7.55135348213333
519 7.55099353866667
520 7.5506335952
521 7.55027365173333
522 7.54991370826667
523 7.5495537648
524 7.54919382133333
525 7.54883387786667
526 7.5484739344
527 7.54811399093333
528 7.54775404746667
529 7.547394104
530 7.54703416053333
531 7.54667421706667
532 7.5463142736
533 7.54595433013333
534 7.54559438666667
535 7.5452344432
536 7.54487449973333
537 7.54451455626667
538 7.5441546128
539 7.54379466933333
540 7.54343472586667
541 7.5430747824
542 7.54271483893333
543 7.54235489546667
544 7.541994952
545 7.54163500853333
546 7.54127506506667
547 7.5409151216
548 7.54055517813333
549 7.54019523466667
550 7.5398352912
551 7.53947534773333
552 7.53911540426667
553 7.5387554608
554 7.53839551733333
555 7.53803557386667
556 7.5376756304
557 7.53731568693333
558 7.53695574346667
559 7.5365958
560 7.53663830556667
561 7.53668081113333
562 7.5367233167
563 7.53676582226667
564 7.53680832783333
565 7.5368508334
566 7.53689333896667
567 7.53693584453333
568 7.5369783501
569 7.53702085566667
570 7.53706336123333
571 7.5371058668
572 7.53714837236667
573 7.53719087793333
574 7.5372333835
575 7.53727588906667
576 7.53731839463333
577 7.5373609002
578 7.53740340576667
579 7.53744591133333
580 7.5374884169
581 7.53753092246667
582 7.53757342803333
583 7.5376159336
584 7.53765843916667
585 7.53770094473333
586 7.5377434503
587 7.53778595586667
588 7.53782846143333
589 7.537870967
590 7.53791347256667
591 7.53795597813333
592 7.5379984837
593 7.53804098926667
594 7.53808349483333
595 7.5381260004
596 7.53816850596667
597 7.53821101153333
598 7.5382535171
599 7.53829602266667
600 7.53833852823333
601 7.5383810338
602 7.53842353936667
603 7.53846604493333
604 7.5385085505
605 7.53855105606667
606 7.53859356163333
607 7.5386360672
608 7.53867857276667
609 7.53872107833333
610 7.5387635839
611 7.53880608946667
612 7.53884859503333
613 7.5388911006
614 7.53893360616667
615 7.53897611173333
616 7.5390186173
617 7.53906112286667
618 7.53910362843333
619 7.539146134
620 7.5390798261
621 7.5390135182
622 7.5389472103
623 7.5388809024
624 7.5388145945
625 7.5387482866
626 7.5386819787
627 7.5386156708
628 7.5385493629
629 7.538483055
630 7.5384167471
631 7.5383504392
632 7.5382841313
633 7.5382178234
634 7.5381515155
635 7.5380852076
636 7.5380188997
637 7.5379525918
638 7.5378862839
639 7.537819976
640 7.5377536681
641 7.5376873602
642 7.5376210523
643 7.5375547444
644 7.5374884365
645 7.5374221286
646 7.5373558207
647 7.5372895128
648 7.5372232049
649 7.537156897
650 7.5370905891
651 7.5370242812
652 7.5369579733
653 7.5368916654
654 7.5368253575
655 7.5367590496
656 7.5366927417
657 7.5366264338
658 7.5365601259
659 7.536493818
660 7.5364275101
661 7.5363612022
662 7.5362948943
663 7.5362285864
664 7.5361622785
665 7.5360959706
666 7.5360296627
667 7.5359633548
668 7.5358970469
669 7.535830739
670 7.5357644311
671 7.5356981232
672 7.5356318153
673 7.5355655074
674 7.5354991995
675 7.5354328916
676 7.5353665837
677 7.5353002758
678 7.5352339679
679 7.53516766
680 7.53492342125
681 7.5346791825
682 7.53443494375
683 7.534190705
684 7.53394646625
685 7.5337022275
686 7.53345798875
687 7.53321375
688 7.53296951125
689 7.5327252725
690 7.53248103375
691 7.532236795
692 7.53199255625
693 7.5317483175
694 7.53150407875
695 7.53125984
696 7.53101560125
697 7.5307713625
698 7.53052712375
699 7.530282885
700 7.53003864625
701 7.5297944075
702 7.52955016875
703 7.52930593
704 7.52906169125
705 7.5288174525
706 7.52857321375
707 7.528328975
708 7.52808473625
709 7.5278404975
710 7.52759625875
711 7.52735202
712 7.52710778125
713 7.5268635425
714 7.52661930375
715 7.526375065
716 7.52613082625
717 7.5258865875
718 7.52564234875
719 7.52539811
720 7.52515387125
721 7.5249096325
722 7.52466539375
723 7.524421155
724 7.52417691625
725 7.5239326775
726 7.52368843875
727 7.5234442
728 7.52319996125
729 7.5229557225
730 7.52271148375
731 7.522467245
732 7.52222300625
733 7.5219787675
734 7.52173452875
735 7.52149029
736 7.52124605125
737 7.5210018125
738 7.52075757375
739 7.520513335
740 7.52057413698333
741 7.52063493896667
742 7.52069574095
743 7.52075654293333
744 7.52081734491667
745 7.5208781469
746 7.52093894888333
747 7.52099975086667
748 7.52106055285
749 7.52112135483333
750 7.52118215681667
751 7.5212429588
752 7.52130376078333
753 7.52136456276667
754 7.52142536475
755 7.52148616673333
756 7.52154696871667
757 7.5216077707
758 7.52166857268333
759 7.52172937466667
760 7.52179017665
761 7.52185097863333
762 7.52191178061667
763 7.5219725826
764 7.52203338458333
765 7.52209418656667
766 7.52215498855
767 7.52221579053333
768 7.52227659251667
769 7.5223373945
770 7.52239819648333
771 7.52245899846667
772 7.52251980045
773 7.52258060243333
774 7.52264140441667
775 7.5227022064
776 7.52276300838333
777 7.52282381036667
778 7.52288461235
779 7.52294541433333
780 7.52300621631667
781 7.5230670183
782 7.52312782028333
783 7.52318862226667
784 7.52324942425
785 7.52331022623333
786 7.52337102821667
787 7.5234318302
788 7.52349263218333
789 7.52355343416667
790 7.52361423615
791 7.52367503813333
792 7.52373584011667
793 7.5237966421
794 7.52385744408333
795 7.52391824606667
796 7.52397904805
797 7.52403985003333
798 7.52410065201667
799 7.524161454
800 7.52395113153333
801 7.52374080906667
802 7.5235304866
803 7.52332016413333
804 7.52310984166667
805 7.5228995192
806 7.52268919673333
807 7.52247887426667
808 7.5222685518
809 7.52205822933333
810 7.52184790686667
811 7.5216375844
812 7.52142726193333
813 7.52121693946667
814 7.521006617
815 7.52079629453333
816 7.52058597206667
817 7.5203756496
818 7.52016532713333
819 7.51995500466667
820 7.5197446822
821 7.51953435973333
822 7.51932403726667
823 7.5191137148
824 7.51890339233333
825 7.51869306986667
826 7.5184827474
827 7.51827242493333
828 7.51806210246667
829 7.51785178
830 7.51764145753333
831 7.51743113506667
832 7.5172208126
833 7.51701049013333
834 7.51680016766667
835 7.5165898452
836 7.51637952273333
837 7.51616920026667
838 7.5159588778
839 7.51574855533333
840 7.51553823286667
841 7.5153279104
842 7.51511758793333
843 7.51490726546667
844 7.514696943
845 7.51448662053333
846 7.51427629806667
847 7.5140659756
848 7.51385565313333
849 7.51364533066667
850 7.5134350082
851 7.51322468573333
852 7.51301436326667
853 7.5128040408
854 7.51259371833333
855 7.51238339586667
856 7.5121730734
857 7.51196275093333
858 7.51175242846667
859 7.511542106
860 7.51158693126667
861 7.51163175653333
862 7.5116765818
863 7.51172140706667
864 7.51176623233333
865 7.5118110576
866 7.51185588286667
867 7.51190070813333
868 7.5119455334
869 7.51199035866667
870 7.51203518393333
871 7.5120800092
872 7.51212483446667
873 7.51216965973333
874 7.512214485
875 7.51225931026667
876 7.51230413553333
877 7.5123489608
878 7.51239378606667
879 7.51243861133333
880 7.5124834366
881 7.51252826186667
882 7.51257308713333
883 7.5126179124
884 7.51266273766667
885 7.51270756293333
886 7.5127523882
887 7.51279721346667
888 7.51284203873333
889 7.512886864
890 7.51293168926667
891 7.51297651453333
892 7.5130213398
893 7.51306616506667
894 7.51311099033333
895 7.5131558156
896 7.51320064086667
897 7.51324546613333
898 7.5132902914
899 7.51333511666667
900 7.51337994193333
901 7.5134247672
902 7.51346959246667
903 7.51351441773333
904 7.513559243
905 7.51360406826667
906 7.51364889353333
907 7.5136937188
908 7.51373854406667
909 7.51378336933333
910 7.5138281946
911 7.51387301986667
912 7.51391784513333
913 7.5139626704
914 7.51400749566667
915 7.51405232093333
916 7.5140971462
917 7.51414197146667
918 7.51418679673333
919 7.514231622
920 7.51403562146667
921 7.51383962093333
922 7.5136436204
923 7.51344761986667
924 7.51325161933333
925 7.5130556188
926 7.51285961826667
927 7.51266361773333
928 7.5124676172
929 7.51227161666667
930 7.51207561613333
931 7.5118796156
932 7.51168361506667
933 7.51148761453333
934 7.511291614
935 7.51109561346667
936 7.51089961293333
937 7.5107036124
938 7.51050761186667
939 7.51031161133333
940 7.5101156108
941 7.50991961026667
942 7.50972360973333
943 7.5095276092
944 7.50933160866667
945 7.50913560813333
946 7.5089396076
947 7.50874360706667
948 7.50854760653333
949 7.508351606
950 7.50815560546667
951 7.50795960493333
952 7.5077636044
953 7.50756760386667
954 7.50737160333333
955 7.5071756028
956 7.50697960226667
957 7.50678360173333
958 7.5065876012
959 7.50639160066667
960 7.50619560013333
961 7.5059995996
962 7.50580359906667
963 7.50560759853333
964 7.505411598
965 7.50521559746667
966 7.50501959693333
967 7.5048235964
968 7.50462759586667
969 7.50443159533333
970 7.5042355948
971 7.50403959426667
972 7.50384359373333
973 7.5036475932
974 7.50345159266667
975 7.50325559213333
976 7.5030595916
977 7.50286359106667
978 7.50266759053333
979 7.50247159
980 7.5024167402
981 7.5023618904
982 7.5023070406
983 7.5022521908
984 7.502197341
985 7.5021424912
986 7.5020876414
987 7.5020327916
988 7.5019779418
989 7.501923092
990 7.5018682422
991 7.5018133924
992 7.5017585426
993 7.5017036928
994 7.501648843
995 7.5015939932
996 7.5015391434
997 7.5014842936
998 7.5014294438
999 7.501374594
1000 7.5013197442
1001 7.5012648944
1002 7.5012100446
1003 7.5011551948
1004 7.501100345
1005 7.5010454952
1006 7.5009906454
1007 7.5009357956
1008 7.5008809458
1009 7.500826096
1010 7.5007712462
1011 7.5007163964
1012 7.5006615466
1013 7.5006066968
1014 7.500551847
1015 7.5004969972
1016 7.5004421474
1017 7.5003872976
1018 7.5003324478
1019 7.500277598
1020 7.5002227482
1021 7.5001678984
1022 7.5001130486
1023 7.5000581988
1024 7.500003349
1025 7.4999484992
1026 7.4998936494
1027 7.4998387996
1028 7.4997839498
1029 7.4997291
1030 7.4996742502
1031 7.4996194004
1032 7.4995645506
1033 7.4995097008
1034 7.499454851
1035 7.4994000012
1036 7.4993451514
1037 7.4992903016
1038 7.4992354518
1039 7.499180602
1040 7.49921120235
1041 7.4992418027
1042 7.49927240305
1043 7.4993030034
1044 7.49933360375
1045 7.4993642041
1046 7.49939480445
1047 7.4994254048
1048 7.49945600515
1049 7.4994866055
1050 7.49951720585
1051 7.4995478062
1052 7.49957840655
1053 7.4996090069
1054 7.49963960725
1055 7.4996702076
1056 7.49970080795
1057 7.4997314083
1058 7.49976200865
1059 7.499792609
1060 7.49982320935
1061 7.4998538097
1062 7.49988441005
1063 7.4999150104
1064 7.49994561075
1065 7.4999762111
1066 7.50000681145
1067 7.5000374118
1068 7.50006801215
1069 7.5000986125
1070 7.50012921285
1071 7.5001598132
1072 7.50019041355
1073 7.5002210139
1074 7.50025161425
1075 7.5002822146
1076 7.50031281495
1077 7.5003434153
1078 7.50037401565
1079 7.500404616
1080 7.50043521635
1081 7.5004658167
1082 7.50049641705
1083 7.5005270174
1084 7.50055761775
1085 7.5005882181
1086 7.50061881845
1087 7.5006494188
1088 7.50068001915
1089 7.5007106195
1090 7.50074121985
1091 7.5007718202
1092 7.50080242055
1093 7.5008330209
1094 7.50086362125
1095 7.5008942216
1096 7.50092482195
1097 7.5009554223
1098 7.50098602265
1099 7.501016623
1100 7.50085880996667
1101 7.50070099693333
1102 7.5005431839
1103 7.50038537086667
1104 7.50022755783333
1105 7.5000697448
1106 7.49991193176667
1107 7.49975411873333
1108 7.4995963057
1109 7.49943849266667
1110 7.49928067963333
1111 7.4991228666
1112 7.49896505356667
1113 7.49880724053333
1114 7.4986494275
1115 7.49849161446667
1116 7.49833380143333
1117 7.4981759884
1118 7.49801817536667
1119 7.49786036233333
1120 7.4977025493
1121 7.49754473626667
1122 7.49738692323333
1123 7.4972291102
1124 7.49707129716667
1125 7.49691348413333
1126 7.4967556711
1127 7.49659785806667
1128 7.49644004503333
1129 7.496282232
1130 7.49612441896667
1131 7.49596660593333
1132 7.4958087929
1133 7.49565097986667
1134 7.49549316683333
1135 7.4953353538
1136 7.49517754076667
1137 7.49501972773333
1138 7.4948619147
1139 7.49470410166667
1140 7.49454628863333
1141 7.4943884756
1142 7.49423066256667
1143 7.49407284953333
1144 7.4939150365
1145 7.49375722346667
1146 7.49359941043333
1147 7.4934415974
1148 7.49328378436667
1149 7.49312597133333
1150 7.4929681583
1151 7.49281034526667
1152 7.49265253223333
1153 7.4924947192
1154 7.49233690616667
1155 7.49217909313333
1156 7.4920212801
1157 7.49186346706667
1158 7.49170565403333
1159 7.491547841
1160 7.49145307348333
1161 7.49135830596667
1162 7.49126353845
1163 7.49116877093333
1164 7.49107400341667
1165 7.4909792359
1166 7.49088446838333
1167 7.49078970086667
1168 7.49069493335
1169 7.49060016583333
1170 7.49050539831667
1171 7.4904106308
1172 7.49031586328333
1173 7.49022109576667
1174 7.49012632825
1175 7.49003156073333
1176 7.48993679321667
1177 7.4898420257
1178 7.48974725818333
1179 7.48965249066667
1180 7.48955772315
1181 7.48946295563333
1182 7.48936818811667
1183 7.4892734206
1184 7.48917865308333
1185 7.48908388556667
1186 7.48898911805
1187 7.48889435053333
1188 7.48879958301667
1189 7.4887048155
1190 7.48861004798333
1191 7.48851528046667
1192 7.48842051295
1193 7.48832574543333
1194 7.48823097791667
1195 7.4881362104
1196 7.48804144288333
1197 7.48794667536667
1198 7.48785190785
1199 7.48775714033333
1200 7.48766237281667
1201 7.4875676053
1202 7.48747283778333
1203 7.48737807026667
1204 7.48728330275
1205 7.48718853523333
1206 7.48709376771667
1207 7.4869990002
1208 7.48690423268333
1209 7.48680946516667
1210 7.48671469765
1211 7.48661993013333
1212 7.48652516261667
1213 7.4864303951
1214 7.48633562758333
1215 7.48624086006667
1216 7.48614609255
1217 7.48605132503333
1218 7.48595655751667
1219 7.48586179
1220 7.48569685436667
1221 7.48553191873333
1222 7.4853669831
1223 7.48520204746667
1224 7.48503711183333
1225 7.4848721762
1226 7.48470724056667
1227 7.48454230493333
1228 7.4843773693
1229 7.48421243366667
1230 7.48404749803333
1231 7.4838825624
1232 7.48371762676667
1233 7.48355269113333
1234 7.4833877555
1235 7.48322281986667
1236 7.48305788423333
1237 7.4828929486
1238 7.48272801296667
1239 7.48256307733333
1240 7.4823981417
1241 7.48223320606667
1242 7.48206827043333
1243 7.4819033348
1244 7.48173839916667
1245 7.48157346353333
1246 7.4814085279
1247 7.48124359226667
1248 7.48107865663333
1249 7.480913721
1250 7.48074878536667
1251 7.48058384973333
1252 7.4804189141
1253 7.48025397846667
1254 7.48008904283333
1255 7.4799241072
1256 7.47975917156667
1257 7.47959423593333
1258 7.4794293003
1259 7.47926436466667
1260 7.47909942903333
1261 7.4789344934
1262 7.47876955776667
1263 7.47860462213333
1264 7.4784396865
1265 7.47827475086667
1266 7.47810981523333
1267 7.4779448796
1268 7.47777994396667
1269 7.47761500833333
1270 7.4774500727
1271 7.47728513706667
1272 7.47712020143333
1273 7.4769552658
1274 7.47679033016667
1275 7.47662539453333
1276 7.4764604589
1277 7.47629552326667
1278 7.47613058763333
1279 7.475965652
1280 7.47589187343333
1281 7.47581809486667
1282 7.4757443163
1283 7.47567053773333
1284 7.47559675916667
1285 7.4755229806
1286 7.47544920203333
1287 7.47537542346667
1288 7.4753016449
1289 7.47522786633333
1290 7.47515408776667
1291 7.4750803092
1292 7.47500653063333
1293 7.47493275206667
1294 7.4748589735
1295 7.47478519493333
1296 7.47471141636667
1297 7.4746376378
1298 7.47456385923333
1299 7.47449008066667
1300 7.4744163021
1301 7.47434252353333
1302 7.47426874496667
1303 7.4741949664
1304 7.47412118783333
1305 7.47404740926667
1306 7.4739736307
1307 7.47389985213333
1308 7.47382607356667
1309 7.473752295
1310 7.47367851643333
1311 7.47360473786667
1312 7.4735309593
1313 7.47345718073333
1314 7.47338340216667
1315 7.4733096236
1316 7.47323584503333
1317 7.47316206646667
1318 7.4730882879
1319 7.47301450933333
1320 7.47294073076667
1321 7.4728669522
1322 7.47279317363333
1323 7.47271939506667
1324 7.4726456165
1325 7.47257183793333
1326 7.47249805936667
1327 7.4724242808
1328 7.47235050223333
1329 7.47227672366667
1330 7.4722029451
1331 7.47212916653333
1332 7.47205538796667
1333 7.4719816094
1334 7.47190783083333
1335 7.47183405226667
1336 7.4717602737
1337 7.47168649513333
1338 7.47161271656667
1339 7.471538938
1340 7.47138794991667
1341 7.47123696183333
1342 7.47108597375
1343 7.47093498566667
1344 7.47078399758333
1345 7.4706330095
1346 7.47048202141667
1347 7.47033103333333
1348 7.47018004525
1349 7.47002905716667
1350 7.46987806908333
1351 7.469727081
1352 7.46957609291667
1353 7.46942510483333
1354 7.46927411675
1355 7.46912312866667
1356 7.46897214058333
1357 7.4688211525
1358 7.46867016441667
1359 7.46851917633333
1360 7.46836818825
1361 7.46821720016667
1362 7.46806621208333
1363 7.467915224
1364 7.46776423591667
1365 7.46761324783333
1366 7.46746225975
1367 7.46731127166667
1368 7.46716028358333
1369 7.4670092955
1370 7.46685830741667
1371 7.46670731933333
1372 7.46655633125
1373 7.46640534316667
1374 7.46625435508333
1375 7.466103367
1376 7.46595237891667
1377 7.46580139083333
1378 7.46565040275
1379 7.46549941466667
1380 7.46534842658333
1381 7.4651974385
1382 7.46504645041667
1383 7.46489546233333
1384 7.46474447425
1385 7.46459348616667
1386 7.46444249808333
1387 7.46429151
1388 7.46414052191667
1389 7.46398953383333
1390 7.46383854575
1391 7.46368755766667
1392 7.46353656958333
1393 7.4633855815
1394 7.46323459341667
1395 7.46308360533333
1396 7.46293261725
1397 7.46278162916667
1398 7.46263064108333
1399 7.462479653
1400 7.46252051881667
1401 7.46256138463333
1402 7.46260225045
1403 7.46264311626667
1404 7.46268398208333
1405 7.4627248479
1406 7.46276571371667
1407 7.46280657953333
1408 7.46284744535
1409 7.46288831116667
1410 7.46292917698333
1411 7.4629700428
1412 7.46301090861667
1413 7.46305177443333
1414 7.46309264025
1415 7.46313350606667
1416 7.46317437188333
1417 7.4632152377
1418 7.46325610351667
1419 7.46329696933333
1420 7.46333783515
1421 7.46337870096667
1422 7.46341956678333
1423 7.4634604326
1424 7.46350129841667
1425 7.46354216423333
1426 7.46358303005
1427 7.46362389586667
1428 7.46366476168333
1429 7.4637056275
1430 7.46374649331667
1431 7.46378735913333
1432 7.46382822495
1433 7.46386909076667
1434 7.46390995658333
1435 7.4639508224
1436 7.46399168821667
1437 7.46403255403333
1438 7.46407341985
1439 7.46411428566667
1440 7.46415515148333
1441 7.4641960173
1442 7.46423688311667
1443 7.46427774893333
1444 7.46431861475
1445 7.46435948056667
1446 7.46440034638333
1447 7.4644412122
1448 7.46448207801667
1449 7.46452294383333
1450 7.46456380965
1451 7.46460467546667
1452 7.46464554128333
1453 7.4646864071
1454 7.46472727291667
1455 7.46476813873333
1456 7.46480900455
1457 7.46484987036667
1458 7.46489073618333
1459 7.464931602
1460 7.46477657336667
1461 7.46462154473333
1462 7.4644665161
1463 7.46431148746667
1464 7.46415645883333
1465 7.4640014302
1466 7.46384640156667
1467 7.46369137293333
1468 7.4635363443
1469 7.46338131566667
1470 7.46322628703333
1471 7.4630712584
1472 7.46291622976667
1473 7.46276120113333
1474 7.4626061725
1475 7.46245114386667
1476 7.46229611523333
1477 7.4621410866
1478 7.46198605796667
1479 7.46183102933333
1480 7.4616760007
1481 7.46152097206667
1482 7.46136594343333
1483 7.4612109148
1484 7.46105588616667
1485 7.46090085753333
1486 7.4607458289
1487 7.46059080026667
1488 7.46043577163333
1489 7.460280743
1490 7.46012571436667
1491 7.45997068573333
1492 7.4598156571
1493 7.45966062846667
1494 7.45950559983333
1495 7.4593505712
1496 7.45919554256667
1497 7.45904051393333
1498 7.4588854853
1499 7.45873045666667
1500 7.45857542803333
1501 7.4584203994
1502 7.45826537076667
1503 7.45811034213333
1504 7.4579553135
1505 7.45780028486667
1506 7.45764525623333
1507 7.4574902276
1508 7.45733519896667
1509 7.45718017033333
1510 7.4570251417
1511 7.45687011306667
1512 7.45671508443333
1513 7.4565600558
1514 7.45640502716667
1515 7.45624999853333
1516 7.4560949699
1517 7.45593994126667
1518 7.45578491263333
1519 7.455629884
1520 7.45546764111667
1521 7.45530539823333
1522 7.45514315535
1523 7.45498091246667
1524 7.45481866958333
1525 7.4546564267
1526 7.45449418381667
1527 7.45433194093333
1528 7.45416969805
1529 7.45400745516667
1530 7.45384521228333
1531 7.4536829694
1532 7.45352072651667
1533 7.45335848363333
1534 7.45319624075
1535 7.45303399786667
1536 7.45287175498333
1537 7.4527095121
1538 7.45254726921667
1539 7.45238502633333
1540 7.45222278345
1541 7.45206054056667
1542 7.45189829768333
1543 7.4517360548
1544 7.45157381191667
1545 7.45141156903333
1546 7.45124932615
1547 7.45108708326667
1548 7.45092484038333
1549 7.4507625975
1550 7.45060035461667
1551 7.45043811173333
1552 7.45027586885
1553 7.45011362596667
1554 7.44995138308333
1555 7.4497891402
1556 7.44962689731667
1557 7.44946465443333
1558 7.44930241155
1559 7.44914016866667
1560 7.44897792578333
1561 7.4488156829
1562 7.44865344001667
1563 7.44849119713333
1564 7.44832895425
1565 7.44816671136667
1566 7.44800446848333
1567 7.4478422256
1568 7.44767998271667
1569 7.44751773983333
1570 7.44735549695
1571 7.44719325406667
1572 7.44703101118333
1573 7.4468687683
1574 7.44670652541667
1575 7.44654428253333
1576 7.44638203965
1577 7.44621979676667
1578 7.44605755388333
1579 7.445895311
1580 7.44589739103333
1581 7.44589947106667
1582 7.4459015511
1583 7.44590363113333
1584 7.44590571116667
1585 7.4459077912
1586 7.44590987123333
1587 7.44591195126667
1588 7.4459140313
1589 7.44591611133333
1590 7.44591819136667
1591 7.4459202714
1592 7.44592235143333
1593 7.44592443146667
1594 7.4459265115
1595 7.44592859153333
1596 7.44593067156667
1597 7.4459327516
1598 7.44593483163333
1599 7.44593691166667
1600 7.4459389917
1601 7.44594107173333
1602 7.44594315176667
1603 7.4459452318
1604 7.44594731183333
1605 7.44594939186667
1606 7.4459514719
1607 7.44595355193333
1608 7.44595563196667
1609 7.445957712
1610 7.44595979203333
1611 7.44596187206667
1612 7.4459639521
1613 7.44596603213333
1614 7.44596811216667
1615 7.4459701922
1616 7.44597227223333
1617 7.44597435226667
1618 7.4459764323
1619 7.44597851233333
1620 7.44598059236667
1621 7.4459826724
1622 7.44598475243333
1623 7.44598683246667
1624 7.4459889125
1625 7.44599099253333
1626 7.44599307256667
1627 7.4459951526
1628 7.44599723263333
1629 7.44599931266667
1630 7.4460013927
1631 7.44600347273333
1632 7.44600555276667
1633 7.4460076328
1634 7.44600971283333
1635 7.44601179286667
1636 7.4460138729
1637 7.44601595293333
1638 7.44601803296667
1639 7.446020113
1640 7.44597300748333
1641 7.44592590196667
1642 7.44587879645
1643 7.44583169093333
1644 7.44578458541667
1645 7.4457374799
1646 7.44569037438333
1647 7.44564326886667
1648 7.44559616335
1649 7.44554905783333
1650 7.44550195231667
1651 7.4454548468
1652 7.44540774128333
1653 7.44536063576667
1654 7.44531353025
1655 7.44526642473333
1656 7.44521931921667
1657 7.4451722137
1658 7.44512510818333
1659 7.44507800266667
1660 7.44503089715
1661 7.44498379163333
1662 7.44493668611667
1663 7.4448895806
1664 7.44484247508333
1665 7.44479536956667
1666 7.44474826405
1667 7.44470115853333
1668 7.44465405301667
1669 7.4446069475
1670 7.44455984198333
1671 7.44451273646667
1672 7.44446563095
1673 7.44441852543333
1674 7.44437141991667
1675 7.4443243144
1676 7.44427720888333
1677 7.44423010336667
1678 7.44418299785
1679 7.44413589233333
1680 7.44408878681667
1681 7.4440416813
1682 7.44399457578333
1683 7.44394747026667
1684 7.44390036475
1685 7.44385325923333
1686 7.44380615371667
1687 7.4437590482
1688 7.44371194268333
1689 7.44366483716667
1690 7.44361773165
1691 7.44357062613333
1692 7.44352352061667
1693 7.4434764151
1694 7.44342930958333
1695 7.44338220406667
1696 7.44333509855
1697 7.44328799303333
1698 7.44324088751667
1699 7.443193782
1700 7.44297401968333
1701 7.44275425736667
1702 7.44253449505
1703 7.44231473273333
1704 7.44209497041667
1705 7.4418752081
1706 7.44165544578333
1707 7.44143568346667
1708 7.44121592115
1709 7.44099615883333
1710 7.44077639651667
1711 7.4405566342
1712 7.44033687188333
1713 7.44011710956667
1714 7.43989734725
1715 7.43967758493333
1716 7.43945782261667
1717 7.4392380603
1718 7.43901829798333
1719 7.43879853566667
1720 7.43857877335
1721 7.43835901103333
1722 7.43813924871667
1723 7.4379194864
1724 7.43769972408333
1725 7.43747996176667
1726 7.43726019945
1727 7.43704043713333
1728 7.43682067481667
1729 7.4366009125
1730 7.43638115018333
1731 7.43616138786667
1732 7.43594162555
1733 7.43572186323333
1734 7.43550210091667
1735 7.4352823386
1736 7.43506257628333
1737 7.43484281396667
1738 7.43462305165
1739 7.43440328933333
1740 7.43418352701667
1741 7.4339637647
1742 7.43374400238333
1743 7.43352424006667
1744 7.43330447775
1745 7.43308471543333
1746 7.43286495311667
1747 7.4326451908
1748 7.43242542848333
1749 7.43220566616667
1750 7.43198590385
1751 7.43176614153333
1752 7.43154637921667
1753 7.4313266169
1754 7.43110685458333
1755 7.43088709226667
1756 7.43066732995
1757 7.43044756763333
1758 7.43022780531667
1759 7.430008043
1760 7.42993522783333
1761 7.42986241266667
1762 7.4297895975
1763 7.42971678233333
1764 7.42964396716667
1765 7.429571152
1766 7.42949833683333
1767 7.42942552166667
1768 7.4293527065
1769 7.42927989133333
1770 7.42920707616667
1771 7.429134261
1772 7.42906144583333
1773 7.42898863066667
1774 7.4289158155
1775 7.42884300033333
1776 7.42877018516667
1777 7.42869737
1778 7.42862455483333
1779 7.42855173966667
1780 7.4284789245
1781 7.42840610933333
1782 7.42833329416667
1783 7.428260479
1784 7.42818766383333
1785 7.42811484866667
1786 7.4280420335
1787 7.42796921833333
1788 7.42789640316667
1789 7.427823588
1790 7.42775077283333
1791 7.42767795766667
1792 7.4276051425
1793 7.42753232733333
1794 7.42745951216667
1795 7.427386697
1796 7.42731388183333
1797 7.42724106666667
1798 7.4271682515
1799 7.42709543633333
1800 7.42702262116667
1801 7.426949806
1802 7.42687699083333
1803 7.42680417566667
1804 7.4267313605
1805 7.42665854533333
1806 7.42658573016667
1807 7.426512915
1808 7.42644009983333
1809 7.42636728466667
1810 7.4262944695
1811 7.42622165433333
1812 7.42614883916667
1813 7.426076024
1814 7.42600320883333
1815 7.42593039366667
1816 7.4258575785
1817 7.42578476333333
1818 7.42571194816667
1819 7.425639133
1820 7.42550882181667
1821 7.42537851063333
1822 7.42524819945
1823 7.42511788826667
1824 7.42498757708333
1825 7.4248572659
1826 7.42472695471667
1827 7.42459664353333
1828 7.42446633235
1829 7.42433602116667
1830 7.42420570998333
1831 7.4240753988
1832 7.42394508761667
1833 7.42381477643333
1834 7.42368446525
1835 7.42355415406667
1836 7.42342384288333
1837 7.4232935317
1838 7.42316322051667
1839 7.42303290933333
1840 7.42290259815
1841 7.42277228696667
1842 7.42264197578333
1843 7.4225116646
1844 7.42238135341667
1845 7.42225104223333
1846 7.42212073105
1847 7.42199041986667
1848 7.42186010868333
1849 7.4217297975
1850 7.42159948631667
1851 7.42146917513333
1852 7.42133886395
1853 7.42120855276667
1854 7.42107824158333
1855 7.4209479304
1856 7.42081761921667
1857 7.42068730803333
1858 7.42055699685
1859 7.42042668566667
1860 7.42029637448333
1861 7.4201660633
1862 7.42003575211667
1863 7.41990544093333
1864 7.41977512975
1865 7.41964481856667
1866 7.41951450738333
1867 7.4193841962
1868 7.41925388501667
1869 7.41912357383333
1870 7.41899326265
1871 7.41886295146667
1872 7.41873264028333
1873 7.4186023291
1874 7.41847201791667
1875 7.41834170673333
1876 7.41821139555
1877 7.41808108436667
1878 7.41795077318333
1879 7.417820462
1880 7.41784665586667
1881 7.41787284973333
1882 7.4178990436
1883 7.41792523746667
1884 7.41795143133333
1885 7.4179776252
1886 7.41800381906667
1887 7.41803001293333
1888 7.4180562068
1889 7.41808240066667
1890 7.41810859453333
1891 7.4181347884
1892 7.41816098226667
1893 7.41818717613333
1894 7.41821337
1895 7.41823956386667
1896 7.41826575773333
1897 7.4182919516
1898 7.41831814546667
1899 7.41834433933333
1900 7.4183705332
1901 7.41839672706667
1902 7.41842292093333
1903 7.4184491148
1904 7.41847530866667
1905 7.41850150253333
1906 7.4185276964
1907 7.41855389026667
1908 7.41858008413333
1909 7.418606278
1910 7.41863247186667
1911 7.41865866573333
1912 7.4186848596
1913 7.41871105346667
1914 7.41873724733333
1915 7.4187634412
1916 7.41878963506667
1917 7.41881582893333
1918 7.4188420228
1919 7.41886821666667
1920 7.41889441053333
1921 7.4189206044
1922 7.41894679826667
1923 7.41897299213333
1924 7.418999186
1925 7.41902537986667
1926 7.41905157373333
1927 7.4190777676
1928 7.41910396146667
1929 7.41913015533333
1930 7.4191563492
1931 7.41918254306667
1932 7.41920873693333
1933 7.4192349308
1934 7.41926112466667
1935 7.41928731853333
1936 7.4193135124
1937 7.41933970626667
1938 7.41936590013333
1939 7.419392094
1940 7.41937562763333
1941 7.41935916126667
1942 7.4193426949
1943 7.41932622853333
1944 7.41930976216667
1945 7.4192932958
1946 7.41927682943333
1947 7.41926036306667
1948 7.4192438967
1949 7.41922743033333
1950 7.41921096396667
1951 7.4191944976
1952 7.41917803123333
1953 7.41916156486667
1954 7.4191450985
1955 7.41912863213333
1956 7.41911216576667
1957 7.4190956994
1958 7.41907923303333
1959 7.41906276666667
1960 7.4190463003
1961 7.41902983393333
1962 7.41901336756667
1963 7.4189969012
1964 7.41898043483333
1965 7.41896396846667
1966 7.4189475021
1967 7.41893103573333
1968 7.41891456936667
1969 7.418898103
1970 7.41888163663333
1971 7.41886517026667
1972 7.4188487039
1973 7.41883223753333
1974 7.41881577116667
1975 7.4187993048
1976 7.41878283843333
1977 7.41876637206667
1978 7.4187499057
1979 7.41873343933333
1980 7.41871697296667
1981 7.4187005066
1982 7.41868404023333
1983 7.41866757386667
1984 7.4186511075
1985 7.41863464113333
1986 7.41861817476667
1987 7.4186017084
1988 7.41858524203333
1989 7.41856877566667
1990 7.4185523093
1991 7.41853584293333
1992 7.41851937656667
1993 7.4185029102
1994 7.41848644383333
1995 7.41846997746667
1996 7.4184535111
1997 7.41843704473333
1998 7.41842057836667
1999 7.418404112
2000 7.41837336965
2001 7.4183426273
2002 7.41831188495
2003 7.4182811426
2004 7.41825040025
2005 7.4182196579
2006 7.41818891555
2007 7.4181581732
2008 7.41812743085
2009 7.4180966885
2010 7.41806594615
2011 7.4180352038
2012 7.41800446145
2013 7.4179737191
2014 7.41794297675
2015 7.4179122344
2016 7.41788149205
2017 7.4178507497
2018 7.41782000735
2019 7.417789265
2020 7.41775852265
2021 7.4177277803
2022 7.41769703795
2023 7.4176662956
2024 7.41763555325
2025 7.4176048109
2026 7.41757406855
2027 7.4175433262
2028 7.41751258385
2029 7.4174818415
2030 7.41745109915
2031 7.4174203568
2032 7.41738961445
2033 7.4173588721
2034 7.41732812975
2035 7.4172973874
2036 7.41726664505
2037 7.4172359027
2038 7.41720516035
2039 7.417174418
2040 7.41714367565
2041 7.4171129333
2042 7.41708219095
2043 7.4170514486
2044 7.41702070625
2045 7.4169899639
2046 7.41695922155
2047 7.4169284792
2048 7.41689773685
2049 7.4168669945
2050 7.41683625215
2051 7.4168055098
2052 7.41677476745
2053 7.4167440251
2054 7.41671328275
2055 7.4166825404
2056 7.41665179805
2057 7.4166210557
2058 7.41659031335
2059 7.416559571
2060 7.41658404975
2061 7.4166085285
2062 7.41663300725
2063 7.416657486
2064 7.41668196475
2065 7.4167064435
2066 7.41673092225
2067 7.416755401
2068 7.41677987975
2069 7.4168043585
2070 7.41682883725
2071 7.416853316
2072 7.41687779475
2073 7.4169022735
2074 7.41692675225
2075 7.416951231
2076 7.41697570975
2077 7.4170001885
2078 7.41702466725
2079 7.417049146
2080 7.41707362475
2081 7.4170981035
2082 7.41712258225
2083 7.417147061
2084 7.41717153975
2085 7.4171960185
2086 7.41722049725
2087 7.417244976
2088 7.41726945475
2089 7.4172939335
2090 7.41731841225
2091 7.417342891
2092 7.41736736975
2093 7.4173918485
2094 7.41741632725
2095 7.417440806
2096 7.41746528475
2097 7.4174897635
2098 7.41751424225
2099 7.417538721
2100 7.41756319975
2101 7.4175876785
2102 7.41761215725
2103 7.417636636
2104 7.41766111475
2105 7.4176855935
2106 7.41771007225
2107 7.417734551
2108 7.41775902975
2109 7.4177835085
2110 7.41780798725
2111 7.417832466
2112 7.41785694475
2113 7.4178814235
2114 7.41790590225
2115 7.417930381
2116 7.41795485975
2117 7.4179793385
2118 7.41800381725
2119 7.418028296
2120 7.41791378928333
2121 7.41779928256667
2122 7.41768477585
2123 7.41757026913333
2124 7.41745576241667
2125 7.4173412557
2126 7.41722674898333
2127 7.41711224226667
2128 7.41699773555
2129 7.41688322883333
2130 7.41676872211667
2131 7.4166542154
2132 7.41653970868333
2133 7.41642520196667
2134 7.41631069525
2135 7.41619618853333
2136 7.41608168181667
2137 7.4159671751
2138 7.41585266838333
2139 7.41573816166667
2140 7.41562365495
2141 7.41550914823333
2142 7.41539464151667
2143 7.4152801348
2144 7.41516562808333
2145 7.41505112136667
2146 7.41493661465
2147 7.41482210793333
2148 7.41470760121667
2149 7.4145930945
2150 7.41447858778333
2151 7.41436408106667
2152 7.41424957435
2153 7.41413506763333
2154 7.41402056091667
2155 7.4139060542
2156 7.41379154748333
2157 7.41367704076667
2158 7.41356253405
2159 7.41344802733333
2160 7.41333352061667
2161 7.4132190139
2162 7.41310450718333
2163 7.41299000046667
2164 7.41287549375
2165 7.41276098703333
2166 7.41264648031667
2167 7.4125319736
2168 7.41241746688333
2169 7.41230296016667
2170 7.41218845345
2171 7.41207394673333
2172 7.41195944001667
2173 7.4118449333
2174 7.41173042658333
2175 7.41161591986667
2176 7.41150141315
2177 7.41138690643333
2178 7.41127239971667
2179 7.411157893
2180 7.41114040301667
2181 7.41112291303333
2182 7.41110542305
2183 7.41108793306667
2184 7.41107044308333
2185 7.4110529531
2186 7.41103546311667
2187 7.41101797313333
2188 7.41100048315
2189 7.41098299316667
2190 7.41096550318333
2191 7.4109480132
2192 7.41093052321667
2193 7.41091303323333
2194 7.41089554325
2195 7.41087805326667
2196 7.41086056328333
2197 7.4108430733
2198 7.41082558331667
2199 7.41080809333333
2200 7.41079060335
2201 7.41077311336667
2202 7.41075562338333
2203 7.4107381334
2204 7.41072064341667
2205 7.41070315343333
2206 7.41068566345
2207 7.41066817346667
2208 7.41065068348333
2209 7.4106331935
2210 7.41061570351667
2211 7.41059821353333
2212 7.41058072355
2213 7.41056323356667
2214 7.41054574358333
2215 7.4105282536
2216 7.41051076361667
2217 7.41049327363333
2218 7.41047578365
2219 7.41045829366667
2220 7.41044080368333
2221 7.4104233137
2222 7.41040582371667
2223 7.41038833373333
2224 7.41037084375
2225 7.41035335376667
2226 7.41033586378333
2227 7.4103183738
2228 7.41030088381667
2229 7.41028339383333
2230 7.41026590385
2231 7.41024841386667
2232 7.41023092388333
2233 7.4102134339
2234 7.41019594391667
2235 7.41017845393333
2236 7.41016096395
2237 7.41014347396667
2238 7.41012598398333
2239 7.410108494
2240 7.41019701261667
2241 7.41028553123333
2242 7.41037404985
2243 7.41046256846667
2244 7.41055108708333
2245 7.4106396057
2246 7.41072812431667
2247 7.41081664293333
2248 7.41090516155
2249 7.41099368016667
2250 7.41108219878333
2251 7.4111707174
2252 7.41125923601667
2253 7.41134775463333
2254 7.41143627325
2255 7.41152479186667
2256 7.41161331048333
2257 7.4117018291
2258 7.41179034771667
2259 7.41187886633333
2260 7.41196738495
2261 7.41205590356667
2262 7.41214442218333
2263 7.4122329408
2264 7.41232145941667
2265 7.41240997803333
2266 7.41249849665
2267 7.41258701526667
2268 7.41267553388333
2269 7.4127640525
2270 7.41285257111667
2271 7.41294108973333
2272 7.41302960835
2273 7.41311812696667
2274 7.41320664558333
2275 7.4132951642
2276 7.41338368281667
2277 7.41347220143333
2278 7.41356072005
2279 7.41364923866667
2280 7.41373775728333
2281 7.4138262759
2282 7.41391479451667
2283 7.41400331313333
2284 7.41409183175
2285 7.41418035036667
2286 7.41426886898333
2287 7.4143573876
2288 7.41444590621667
2289 7.41453442483333
2290 7.41462294345
2291 7.41471146206667
2292 7.41479998068333
2293 7.4148884993
2294 7.41497701791667
2295 7.41506553653333
2296 7.41515405515
2297 7.41524257376667
2298 7.41533109238333
2299 7.415419611
2300 7.41528087563333
2301 7.41514214026667
2302 7.4150034049
2303 7.41486466953333
2304 7.41472593416667
2305 7.4145871988
2306 7.41444846343333
2307 7.41430972806667
2308 7.4141709927
2309 7.41403225733333
2310 7.41389352196667
2311 7.4137547866
2312 7.41361605123333
2313 7.41347731586667
2314 7.4133385805
2315 7.41319984513333
2316 7.41306110976667
2317 7.4129223744
2318 7.41278363903333
2319 7.41264490366667
2320 7.4125061683
2321 7.41236743293333
2322 7.41222869756667
2323 7.4120899622
2324 7.41195122683333
2325 7.41181249146667
2326 7.4116737561
2327 7.41153502073333
2328 7.41139628536667
2329 7.41125755
2330 7.41111881463333
2331 7.41098007926667
2332 7.4108413439
2333 7.41070260853333
2334 7.41056387316667
2335 7.4104251378
2336 7.41028640243333
2337 7.41014766706667
2338 7.4100089317
2339 7.40987019633333
2340 7.40973146096667
2341 7.4095927256
2342 7.40945399023333
2343 7.40931525486667
2344 7.4091765195
2345 7.40903778413333
2346 7.40889904876667
2347 7.4087603134
2348 7.40862157803333
2349 7.40848284266667
2350 7.4083441073
2351 7.40820537193333
2352 7.40806663656667
2353 7.4079279012
2354 7.40778916583333
2355 7.40765043046667
2356 7.4075116951
2357 7.40737295973333
2358 7.40723422436667
2359 7.407095489
2360 7.40714279565
2361 7.4071901023
2362 7.40723740895
2363 7.4072847156
2364 7.40733202225
2365 7.4073793289
2366 7.40742663555
2367 7.4074739422
2368 7.40752124885
2369 7.4075685555
2370 7.40761586215
2371 7.4076631688
2372 7.40771047545
2373 7.4077577821
2374 7.40780508875
2375 7.4078523954
2376 7.40789970205
2377 7.4079470087
2378 7.40799431535
2379 7.408041622
2380 7.40808892865
2381 7.4081362353
2382 7.40818354195
2383 7.4082308486
2384 7.40827815525
2385 7.4083254619
2386 7.40837276855
2387 7.4084200752
2388 7.40846738185
2389 7.4085146885
2390 7.40856199515
2391 7.4086093018
2392 7.40865660845
2393 7.4087039151
2394 7.40875122175
2395 7.4087985284
2396 7.40884583505
2397 7.4088931417
2398 7.40894044835
2399 7.408987755
2400 7.40903506165
2401 7.4090823683
2402 7.40912967495
2403 7.4091769816
2404 7.40922428825
2405 7.4092715949
2406 7.40931890155
2407 7.4093662082
2408 7.40941351485
2409 7.4094608215
2410 7.40950812815
2411 7.4095554348
2412 7.40960274145
2413 7.4096500481
2414 7.40969735475
2415 7.4097446614
2416 7.40979196805
2417 7.4098392747
2418 7.40988658135
2419 7.409933888
2420 7.40981031676667
2421 7.40968674553333
2422 7.4095631743
2423 7.40943960306667
2424 7.40931603183333
2425 7.4091924606
2426 7.40906888936667
2427 7.40894531813333
2428 7.4088217469
2429 7.40869817566667
2430 7.40857460443333
2431 7.4084510332
2432 7.40832746196667
2433 7.40820389073333
2434 7.4080803195
2435 7.40795674826667
2436 7.40783317703333
2437 7.4077096058
2438 7.40758603456667
2439 7.40746246333333
2440 7.4073388921
2441 7.40721532086667
2442 7.40709174963333
2443 7.4069681784
2444 7.40684460716667
2445 7.40672103593333
2446 7.4065974647
2447 7.40647389346667
2448 7.40635032223333
2449 7.406226751
2450 7.40610317976667
2451 7.40597960853333
2452 7.4058560373
2453 7.40573246606667
2454 7.40560889483333
2455 7.4054853236
2456 7.40536175236667
2457 7.40523818113333
2458 7.4051146099
2459 7.40499103866667
2460 7.40486746743333
2461 7.4047438962
2462 7.40462032496667
2463 7.40449675373333
2464 7.4043731825
2465 7.40424961126667
2466 7.40412604003333
2467 7.4040024688
2468 7.40387889756667
2469 7.40375532633333
2470 7.4036317551
2471 7.40350818386667
2472 7.40338461263333
2473 7.4032610414
2474 7.40313747016667
2475 7.40301389893333
2476 7.4028903277
2477 7.40276675646667
2478 7.40264318523333
2479 7.402519614
2480 7.40238424355
2481 7.4022488731
2482 7.40211350265
2483 7.4019781322
2484 7.40184276175
2485 7.4017073913
2486 7.40157202085
2487 7.4014366504
2488 7.40130127995
2489 7.4011659095
2490 7.40103053905
2491 7.4008951686
2492 7.40075979815
2493 7.4006244277
2494 7.40048905725
2495 7.4003536868
2496 7.40021831635
2497 7.4000829459
2498 7.39994757545
2499 7.399812205
2500 7.39967683455
2501 7.3995414641
2502 7.39940609365
2503 7.3992707232
2504 7.39913535275
2505 7.3989999823
2506 7.39886461185
2507 7.3987292414
2508 7.39859387095
2509 7.3984585005
2510 7.39832313005
2511 7.3981877596
2512 7.39805238915
2513 7.3979170187
2514 7.39778164825
2515 7.3976462778
2516 7.39751090735
2517 7.3973755369
2518 7.39724016645
2519 7.397104796
2520 7.39696942555
2521 7.3968340551
2522 7.39669868465
2523 7.3965633142
2524 7.39642794375
2525 7.3962925733
2526 7.39615720285
2527 7.3960218324
2528 7.39588646195
2529 7.3957510915
2530 7.39561572105
2531 7.3954803506
2532 7.39534498015
2533 7.3952096097
2534 7.39507423925
2535 7.3949388688
2536 7.39480349835
2537 7.3946681279
2538 7.39453275745
2539 7.394397387
2540 7.39447810525
2541 7.3945588235
2542 7.39463954175
2543 7.39472026
2544 7.39480097825
2545 7.3948816965
2546 7.39496241475
2547 7.395043133
2548 7.39512385125
2549 7.3952045695
2550 7.39528528775
2551 7.395366006
2552 7.39544672425
2553 7.3955274425
2554 7.39560816075
2555 7.395688879
2556 7.39576959725
2557 7.3958503155
2558 7.39593103375
2559 7.396011752
2560 7.39609247025
2561 7.3961731885
2562 7.39625390675
2563 7.396334625
2564 7.39641534325
2565 7.3964960615
2566 7.39657677975
2567 7.396657498
2568 7.39673821625
2569 7.3968189345
2570 7.39689965275
2571 7.396980371
2572 7.39706108925
2573 7.3971418075
2574 7.39722252575
2575 7.397303244
2576 7.39738396225
2577 7.3974646805
2578 7.39754539875
2579 7.397626117
2580 7.39770683525
2581 7.3977875535
2582 7.39786827175
2583 7.39794899
2584 7.39802970825
2585 7.3981104265
2586 7.39819114475
2587 7.398271863
2588 7.39835258125
2589 7.3984332995
2590 7.39851401775
2591 7.398594736
2592 7.39867545425
2593 7.3987561725
2594 7.39883689075
2595 7.398917609
2596 7.39899832725
2597 7.3990790455
2598 7.39915976375
2599 7.399240482
2600 7.39906258396667
2601 7.39888468593333
2602 7.3987067879
2603 7.39852888986667
2604 7.39835099183333
2605 7.3981730938
2606 7.39799519576667
2607 7.39781729773333
2608 7.3976393997
2609 7.39746150166667
2610 7.39728360363333
2611 7.3971057056
2612 7.39692780756667
2613 7.39674990953333
2614 7.3965720115
2615 7.39639411346667
2616 7.39621621543333
2617 7.3960383174
2618 7.39586041936667
2619 7.39568252133333
2620 7.3955046233
2621 7.39532672526667
2622 7.39514882723333
2623 7.3949709292
2624 7.39479303116667
2625 7.39461513313333
2626 7.3944372351
2627 7.39425933706667
2628 7.39408143903333
2629 7.393903541
2630 7.39372564296667
2631 7.39354774493333
2632 7.3933698469
2633 7.39319194886667
2634 7.39301405083333
2635 7.3928361528
2636 7.39265825476667
2637 7.39248035673333
2638 7.3923024587
2639 7.39212456066667
2640 7.39194666263333
2641 7.3917687646
2642 7.39159086656667
2643 7.39141296853333
2644 7.3912350705
2645 7.39105717246667
2646 7.39087927443333
2647 7.3907013764
2648 7.39052347836667
2649 7.39034558033333
2650 7.3901676823
2651 7.38998978426667
2652 7.38981188623333
2653 7.3896339882
2654 7.38945609016667
2655 7.38927819213333
2656 7.3891002941
2657 7.38892239606667
2658 7.38874449803333
2659 7.3885666
2660 7.38853267088333
2661 7.38849874176667
2662 7.38846481265
2663 7.38843088353333
2664 7.38839695441667
2665 7.3883630253
2666 7.38832909618333
2667 7.38829516706667
2668 7.38826123795
2669 7.38822730883333
2670 7.38819337971667
2671 7.3881594506
2672 7.38812552148333
2673 7.38809159236667
2674 7.38805766325
2675 7.38802373413333
2676 7.38798980501667
2677 7.3879558759
2678 7.38792194678333
2679 7.38788801766667
2680 7.38785408855
2681 7.38782015943333
2682 7.38778623031667
2683 7.3877523012
2684 7.38771837208333
2685 7.38768444296667
2686 7.38765051385
2687 7.38761658473333
2688 7.38758265561667
2689 7.3875487265
2690 7.38751479738333
2691 7.38748086826667
2692 7.38744693915
2693 7.38741301003333
2694 7.38737908091667
2695 7.3873451518
2696 7.38731122268333
2697 7.38727729356667
2698 7.38724336445
2699 7.38720943533333
2700 7.38717550621667
2701 7.3871415771
2702 7.38710764798333
2703 7.38707371886667
2704 7.38703978975
2705 7.38700586063333
2706 7.38697193151667
2707 7.3869380024
2708 7.38690407328333
2709 7.38687014416667
2710 7.38683621505
2711 7.38680228593333
2712 7.38676835681667
2713 7.3867344277
2714 7.38670049858333
2715 7.38666656946667
2716 7.38663264035
2717 7.38659871123333
2718 7.38656478211667
2719 7.386530853
2720 7.38656923513333
2721 7.38660761726667
2722 7.3866459994
2723 7.38668438153333
2724 7.38672276366667
2725 7.3867611458
2726 7.38679952793333
2727 7.38683791006667
2728 7.3868762922
2729 7.38691467433333
2730 7.38695305646667
2731 7.3869914386
2732 7.38702982073333
2733 7.38706820286667
2734 7.387106585
2735 7.38714496713333
2736 7.38718334926667
2737 7.3872217314
2738 7.38726011353333
2739 7.38729849566667
2740 7.3873368778
2741 7.38737525993333
2742 7.38741364206667
2743 7.3874520242
2744 7.38749040633333
2745 7.38752878846667
2746 7.3875671706
2747 7.38760555273333
2748 7.38764393486667
2749 7.387682317
2750 7.38772069913333
2751 7.38775908126667
2752 7.3877974634
2753 7.38783584553333
2754 7.38787422766667
2755 7.3879126098
2756 7.38795099193333
2757 7.38798937406667
2758 7.3880277562
2759 7.38806613833333
2760 7.38810452046667
2761 7.3881429026
2762 7.38818128473333
2763 7.38821966686667
2764 7.388258049
2765 7.38829643113333
2766 7.38833481326667
2767 7.3883731954
2768 7.38841157753333
2769 7.38844995966667
2770 7.3884883418
2771 7.38852672393333
2772 7.38856510606667
2773 7.3886034882
2774 7.38864187033333
2775 7.38868025246667
2776 7.3887186346
2777 7.38875701673333
2778 7.38879539886667
2779 7.388833781
2780 7.38863262255
2781 7.3884314641
2782 7.38823030565
2783 7.3880291472
2784 7.38782798875
2785 7.3876268303
2786 7.38742567185
2787 7.3872245134
2788 7.38702335495
2789 7.3868221965
2790 7.38662103805
2791 7.3864198796
2792 7.38621872115
2793 7.3860175627
2794 7.38581640425
2795 7.3856152458
2796 7.38541408735
2797 7.3852129289
2798 7.38501177045
2799 7.384810612
2800 7.38460945355
2801 7.3844082951
2802 7.38420713665
2803 7.3840059782
2804 7.38380481975
2805 7.3836036613
2806 7.38340250285
2807 7.3832013444
2808 7.38300018595
2809 7.3827990275
2810 7.38259786905
2811 7.3823967106
2812 7.38219555215
2813 7.3819943937
2814 7.38179323525
2815 7.3815920768
2816 7.38139091835
2817 7.3811897599
2818 7.38098860145
2819 7.380787443
2820 7.38058628455
2821 7.3803851261
2822 7.38018396765
2823 7.3799828092
2824 7.37978165075
2825 7.3795804923
2826 7.37937933385
2827 7.3791781754
2828 7.37897701695
2829 7.3787758585
2830 7.37857470005
2831 7.3783735416
2832 7.37817238315
2833 7.3779712247
2834 7.37777006625
2835 7.3775689078
2836 7.37736774935
2837 7.3771665909
2838 7.37696543245
2839 7.376764274
2840 7.37662350566667
2841 7.37648273733333
2842 7.376341969
2843 7.37620120066667
2844 7.37606043233333
2845 7.375919664
2846 7.37577889566667
2847 7.37563812733333
2848 7.375497359
2849 7.37535659066667
2850 7.37521582233333
2851 7.375075054
2852 7.37493428566667
2853 7.37479351733333
2854 7.374652749
2855 7.37451198066667
2856 7.37437121233333
2857 7.374230444
2858 7.37408967566667
2859 7.37394890733333
2860 7.373808139
2861 7.37366737066667
2862 7.37352660233333
2863 7.373385834
2864 7.37324506566667
2865 7.37310429733333
2866 7.372963529
2867 7.37282276066667
2868 7.37268199233333
2869 7.372541224
2870 7.37240045566667
2871 7.37225968733333
2872 7.372118919
2873 7.37197815066667
2874 7.37183738233333
2875 7.371696614
2876 7.37155584566667
2877 7.37141507733333
2878 7.371274309
2879 7.37113354066667
2880 7.37099277233333
2881 7.370852004
2882 7.37071123566667
2883 7.37057046733333
2884 7.370429699
2885 7.37028893066667
2886 7.37014816233333
2887 7.370007394
2888 7.36986662566667
2889 7.36972585733333
2890 7.369585089
2891 7.36944432066667
2892 7.36930355233333
2893 7.369162784
2894 7.36902201566667
2895 7.36888124733333
2896 7.368740479
2897 7.36859971066667
2898 7.36845894233333
2899 7.368318174
2900 7.36824409923333
2901 7.36817002446667
2902 7.3680959497
2903 7.36802187493333
2904 7.36794780016667
2905 7.3678737254
2906 7.36779965063333
2907 7.36772557586667
2908 7.3676515011
2909 7.36757742633333
2910 7.36750335156667
2911 7.3674292768
2912 7.36735520203333
2913 7.36728112726667
2914 7.3672070525
2915 7.36713297773333
2916 7.36705890296667
2917 7.3669848282
2918 7.36691075343333
2919 7.36683667866667
2920 7.3667626039
2921 7.36668852913333
2922 7.36661445436667
2923 7.3665403796
2924 7.36646630483333
2925 7.36639223006667
2926 7.3663181553
2927 7.36624408053333
2928 7.36617000576667
2929 7.366095931
2930 7.36602185623333
2931 7.36594778146667
2932 7.3658737067
2933 7.36579963193333
2934 7.36572555716667
2935 7.3656514824
2936 7.36557740763333
2937 7.36550333286667
2938 7.3654292581
2939 7.36535518333333
2940 7.36528110856667
2941 7.3652070338
2942 7.36513295903333
2943 7.36505888426667
2944 7.3649848095
2945 7.36491073473333
2946 7.36483665996667
2947 7.3647625852
2948 7.36468851043333
2949 7.36461443566667
2950 7.3645403609
2951 7.36446628613333
2952 7.36439221136667
2953 7.3643181366
2954 7.36424406183333
2955 7.36416998706667
2956 7.3640959123
2957 7.36402183753333
2958 7.36394776276667
2959 7.363873688
2960 7.3637837075
2961 7.363693727
2962 7.3636037465
2963 7.363513766
2964 7.3634237855
2965 7.363333805
2966 7.3632438245
2967 7.363153844
2968 7.3630638635
2969 7.362973883
2970 7.3628839025
2971 7.362793922
2972 7.3627039415
2973 7.362613961
2974 7.3625239805
2975 7.362434
2976 7.3623440195
2977 7.362254039
2978 7.3621640585
2979 7.362074078
2980 7.3619840975
2981 7.361894117
2982 7.3618041365
2983 7.361714156
2984 7.3616241755
2985 7.361534195
2986 7.3614442145
2987 7.361354234
2988 7.3612642535
2989 7.361174273
2990 7.3610842925
2991 7.360994312
2992 7.3609043315
2993 7.360814351
2994 7.3607243705
2995 7.36063439
2996 7.3605444095
2997 7.360454429
2998 7.3603644485
2999 7.360274468
3000 7.3601844875
3001 7.360094507
3002 7.3600045265
3003 7.359914546
3004 7.3598245655
3005 7.359734585
3006 7.3596446045
3007 7.359554624
3008 7.3594646435
3009 7.359374663
3010 7.3592846825
3011 7.359194702
3012 7.3591047215
3013 7.359014741
3014 7.3589247605
3015 7.35883478
3016 7.3587447995
3017 7.358654819
3018 7.3585648385
3019 7.358474858
3020 7.35836392308333
3021 7.35825298816667
3022 7.35814205325
3023 7.35803111833333
3024 7.35792018341667
3025 7.3578092485
3026 7.35769831358333
3027 7.35758737866667
3028 7.35747644375
3029 7.35736550883333
3030 7.35725457391667
3031 7.357143639
3032 7.35703270408333
3033 7.35692176916667
3034 7.35681083425
3035 7.35669989933333
3036 7.35658896441667
3037 7.3564780295
3038 7.35636709458333
3039 7.35625615966667
3040 7.35614522475
3041 7.35603428983333
3042 7.35592335491667
3043 7.35581242
3044 7.35570148508333
3045 7.35559055016667
3046 7.35547961525
3047 7.35536868033333
3048 7.35525774541667
3049 7.3551468105
3050 7.35503587558333
3051 7.35492494066667
3052 7.35481400575
3053 7.35470307083333
3054 7.35459213591667
3055 7.354481201
3056 7.35437026608333
3057 7.35425933116667
3058 7.35414839625
3059 7.35403746133333
3060 7.35392652641667
3061 7.3538155915
3062 7.35370465658333
3063 7.35359372166667
3064 7.35348278675
3065 7.35337185183333
3066 7.35326091691667
3067 7.353149982
3068 7.35303904708333
3069 7.35292811216667
3070 7.35281717725
3071 7.35270624233333
3072 7.35259530741667
3073 7.3524843725
3074 7.35237343758333
3075 7.35226250266667
3076 7.35215156775
3077 7.35204063283333
3078 7.35192969791667
3079 7.351818763
3080 7.3518303115
3081 7.35184186
3082 7.3518534085
3083 7.351864957
3084 7.3518765055
3085 7.351888054
3086 7.3518996025
3087 7.351911151
3088 7.3519226995
3089 7.351934248
3090 7.3519457965
3091 7.351957345
3092 7.3519688935
3093 7.351980442
3094 7.3519919905
3095 7.352003539
3096 7.3520150875
3097 7.352026636
3098 7.3520381845
3099 7.352049733
3100 7.3520612815
3101 7.35207283
3102 7.3520843785
3103 7.352095927
3104 7.3521074755
3105 7.352119024
3106 7.3521305725
3107 7.352142121
3108 7.3521536695
3109 7.352165218
3110 7.3521767665
3111 7.352188315
3112 7.3521998635
3113 7.352211412
3114 7.3522229605
3115 7.352234509
3116 7.3522460575
3117 7.352257606
3118 7.3522691545
3119 7.352280703
3120 7.3522922515
3121 7.3523038
3122 7.3523153485
3123 7.352326897
3124 7.3523384455
3125 7.352349994
3126 7.3523615425
3127 7.352373091
3128 7.3523846395
3129 7.352396188
3130 7.3524077365
3131 7.352419285
3132 7.3524308335
3133 7.352442382
3134 7.3524539305
3135 7.352465479
3136 7.3524770275
3137 7.352488576
3138 7.3525001245
3139 7.352511673
3140 7.35245115785
3141 7.3523906427
3142 7.35233012755
3143 7.3522696124
3144 7.35220909725
3145 7.3521485821
3146 7.35208806695
3147 7.3520275518
3148 7.35196703665
3149 7.3519065215
3150 7.35184600635
3151 7.3517854912
3152 7.35172497605
3153 7.3516644609
3154 7.35160394575
3155 7.3515434306
3156 7.35148291545
3157 7.3514224003
3158 7.35136188515
3159 7.35130137
3160 7.35124085485
3161 7.3511803397
3162 7.35111982455
3163 7.3510593094
3164 7.35099879425
3165 7.3509382791
3166 7.35087776395
3167 7.3508172488
3168 7.35075673365
3169 7.3506962185
3170 7.35063570335
3171 7.3505751882
3172 7.35051467305
3173 7.3504541579
3174 7.35039364275
3175 7.3503331276
3176 7.35027261245
3177 7.3502120973
3178 7.35015158215
3179 7.350091067
3180 7.35003055185
3181 7.3499700367
3182 7.34990952155
3183 7.3498490064
3184 7.34978849125
3185 7.3497279761
3186 7.34966746095
3187 7.3496069458
3188 7.34954643065
3189 7.3494859155
3190 7.34942540035
3191 7.3493648852
3192 7.34930437005
3193 7.3492438549
3194 7.34918333975
3195 7.3491228246
3196 7.34906230945
3197 7.3490017943
3198 7.34894127915
3199 7.348880764
3200 7.34550405445771
3201 7.34212734491542
3202 7.33875063537314
3203 7.33537392583085
3204 7.33199721628856
3205 7.32862050674627
3206 7.32524379720399
3207 7.3218670876617
3208 7.31849037811941
3209 7.31511366857712
3210 7.31173695903484
3211 7.30836024949255
3212 7.30498353995026
3213 7.30160683040797
3214 7.29823012086568
3215 7.2948534113234
3216 7.29147670178111
3217 7.28809999223882
3218 7.28472328269653
3219 7.28134657315425
3220 7.27796986361196
3221 7.27459315406967
3222 7.27121644452738
3223 7.2678397349851
3224 7.26446302544281
3225 7.26108631590052
3226 7.25770960635823
3227 7.25433289681594
3228 7.25095618727366
3229 7.24757947773137
3230 7.24420276818908
3231 7.24082605864679
3232 7.23744934910451
3233 7.23407263956222
3234 7.23069593001993
3235 7.22731922047764
3236 7.22394251093536
3237 7.22056580139307
3238 7.21718909185078
3239 7.21381238230849
3240 7.2104356727662
3241 7.20705896322392
3242 7.20368225368163
3243 7.20030554413934
3244 7.19692883459705
3245 7.19355212505477
3246 7.19017541551248
3247 7.18679870597019
3248 7.1834219964279
3249 7.18004528688562
3250 7.17666857734333
3251 7.17329186780104
3252 7.16991515825875
3253 7.16653844871646
3254 7.16316173917418
3255 7.15978502963189
3256 7.1564083200896
3257 7.15303161054731
3258 7.14965490100503
3259 7.14627819146274
3260 7.14290148192045
3261 7.13952477237816
3262 7.13614806283588
3263 7.13277135329359
3264 7.1293946437513
3265 7.12601793420901
3266 7.12264122466673
3267 7.11926451512444
3268 7.11588780558215
3269 7.11251109603986
3270 7.10913438649757
3271 7.10575767695529
3272 7.102380967413
3273 7.09900425787071
3274 7.09562754832842
3275 7.09225083878614
3276 7.08887412924385
3277 7.08549741970156
3278 7.08212071015927
3279 7.07874400061699
3280 7.0753672910747
3281 7.07199058153241
3282 7.06861387199012
3283 7.06523716244783
3284 7.06186045290555
3285 7.05848374336326
3286 7.05510703382097
3287 7.05173032427868
3288 7.0483536147364
3289 7.04497690519411
3290 7.04160019565182
3291 7.03822348610953
3292 7.03484677656725
3293 7.03147006702496
3294 7.02809335748267
3295 7.02471664794038
3296 7.02133993839809
3297 7.01796322885581
3298 7.01458651931352
3299 7.01120980977123
3300 7.00783310022894
3301 7.00445639068666
3302 7.00107968114437
3303 6.99770297160208
3304 6.99432626205979
3305 6.99094955251751
3306 6.98757284297522
3307 6.98419613343293
3308 6.98081942389064
3309 6.97744271434835
3310 6.97406600480607
3311 6.97068929526378
3312 6.96731258572149
3313 6.96041498201109
3314 6.95126631481616
3315 6.94211764762123
3316 6.93296898042631
3317 6.92382031323138
3318 6.91467164603645
3319 6.89660822239999
3320 6.85878406499999
3321 6.8254201326
3322 6.7980495507
3323 6.77234992969999
3324 6.7442300963
3325 6.7198770858
3326 6.7022892469
3327 6.6851033041
3328 6.6688694565
3329 6.6579217127
3330 6.6414279443
3331 6.6289956082
3332 6.6209869699
3333 6.6126015755
3334 6.6013837935
3335 6.5891530414
3336 6.5738417482
3337 6.5667839757
3338 6.5580023745
3339 6.5498762516
3340 6.5354849131
3341 6.5247726502
3342 6.5109729497
3343 6.4984169123
3344 6.4840302122
3345 6.4780546745
3346 6.4685688164
3347 6.4559784331
3348 6.448235928
3349 6.4285485781
3350 6.4226396207
3351 6.4176310434
3352 6.4111945717
3353 6.3913502346
3354 6.3854032791
3355 6.37766982029999
3356 6.3536949585
3357 6.3539164288
3358 6.3367101933
3359 6.3361615587
3360 6.3277759302
3361 6.3099446923
3362 6.3030194191
3363 6.2890995207
3364 6.2843868061
3365 6.294023851
3366 6.24949062879997
3367 6.16308741521193
3368 6.22144620925166
3369 6.22812912194
3370 6.20696762428
3371 6.23226191936
3372 6.26100676876
3373 6.19265652352
3374 6.19079499907
3375 6.25876325722
3376 6.24750272313564
3377 6.21196763723138
3378 6.17643255132712
3379 6.14163458063
3380 6.12939959795999
3381 6.07879889823001
3382 6.11122198527998
3383 6.00086873540002
3384 6.10151953099
3385 6.0831163452
3386 6.10283971578999
3387 6.05210976418002
3388 6.15854874515998
3389 6.08147754521999
3390 6.04118758563998
3391 5.96421540811003
3392 6.08236451664998
3393 5.98366200013002
3394 6.07446025559999
3395 6.03092462573
3396 6.02998590706
3397 6.00153120906
3398 5.974192427405
3399 5.982934940905
3400 5.991677454405
3401 6.000419967905
3402 6.01720059343006
3403 6.28357177236219
3404 6.21663795110235
3405 6.1497041298425
3406 6.08277030858266
3407 6.03742768888001
3408 6.06270583774
3409 6.06558674378
3410 6.05717374735999
3411 6.02478177205999
3412 6.00144633875001
3413 6.02528670125001
3414 6.05240727530001
3415 6.07669416737999
3416 6.05599061788
3417 6.05646698617
3418 6.05297745967
3419 6.05010256648171
3420 6.0494068277622
3421 6.04871108904268
3422 6.04801535032317
3423 6.14725536398
3424 6.15630069926001
3425 6.20606611518002
3426 6.2571554097
3427 6.26035138296001
3428 6.31378482672001
3429 6.35050571328001
3430 6.38128279686001
3431 6.41382299430001
3432 6.44830558266001
3433 6.48214574518001
3434 6.50534376914001
3435 6.53137700332001
3436 6.56097572882001
3437 6.58010230536
3438 6.59853768232001
3439 6.62014476002
3440 6.63581935158
3441 6.64893051184
3442 6.6635902295
3443 6.67280869388
3444 6.68014357466
3445 6.69437178292
3446 6.6994998486
3447 6.70587500494
3448 6.71375455692
3449 6.71388314794
3450 6.72365160606
3451 6.73034007394
3452 6.73600778934
3453 6.74049062874
3454 6.74495245996
3455 6.74796167268
3456 6.74990494902
3457 6.75475385466
3458 6.75740873038
3459 6.7597845503
3460 6.7617282571
3461 6.76681049026
3462 6.76879461366
3463 6.76837874132
3464 6.77253487264
3465 6.77557228194
3466 6.77737183798
3467 6.78085345982
3468 6.7836312884
3469 6.78583036326
3470 6.78751542894
3471 6.78921515734
3472 6.79022316192
3473 6.79042544688
3474 6.7926763211
3475 6.79553611952
3476 6.79592952908
3477 6.79851106392
3478 6.8009533722
3479 6.80154205618
3480 6.80462486072
3481 6.8042226157
3482 6.80673088048
3483 6.80688501984
3484 6.8101381558
3485 6.81158813968
3486 6.81375221488
3487 6.81378845166
3488 6.81625947474
3489 6.81870334126
3490 6.82093218182
3491 6.8228625302
3492 6.82534443016
3493 6.82846211204
3494 6.83041401862
3495 6.8325710208
3496 6.8330608865
3497 6.83402833888
3498 6.83799057886
3499 6.83970812268
3500 6.84106168748
3501 6.84494775864
3502 6.84703294192
3503 6.84823519038
3504 6.85221839072
3505 6.85439562606
3506 6.85455185826
3507 6.8576052515
3508 6.86099061568
3509 6.86243963948
3510 6.86402471058
3511 6.8662543499
3512 6.87140499282
3513 6.87320011124
3514 6.87471016514
3515 6.8777689422
3516 6.88131594564
3517 6.88323659644
3518 6.88635641694
3519 6.88967170922
3520 6.89153620494
3521 6.89399867332
3522 6.895906713
3523 6.90009176806
3524 6.90316831586
3525 6.90467449546
3526 6.90857347372
3527 6.91169436498
3528 6.9146745284
3529 6.91626161122
3530 6.91788827222
3531 6.92085737272
3532 6.92497631842
3533 6.92736562956
3534 6.92946562242
3535 6.93359690272
3536 6.9366882014
3537 6.93940376148
3538 6.94315883186
3539 6.94476891532
3540 6.94765110384
3541 6.95011131162
3542 6.95467655118
3543 6.9586838148
3544 6.95926357642
3545 6.9630376567
3546 6.96764307266
3547 6.96959769088
3548 6.97190064224
3549 6.97738463512
3550 6.97881445382
3551 6.98138046126
3552 6.98502115186
3553 6.9879319218
3554 6.9911814267
3555 6.99418268492
3556 6.99712409026
3557 7.00161179984
3558 7.00439781556
3559 7.00747278798
3560 7.01109065316
3561 7.01374369488
3562 7.01740530044
3563 7.02035784484
3564 7.0234037978
3565 7.02616262564
3566 7.02944462154
3567 7.03215710716
3568 7.03643839902
3569 7.03986803584
3570 7.04281726252
3571 7.04502928834
3572 7.04892092366
3573 7.0523073611
3574 7.05647779516
3575 7.06021695572
3576 7.06238439456
3577 7.06612711378
3578 7.06873436258
3579 7.07192920582
3580 7.0745329719
3581 7.07682980592
3582 7.08154193506
3583 7.08537044724
3584 7.08752600992
3585 7.0913539968
3586 7.09465933242
3587 7.09778277464
3588 7.10112495972
3589 7.1027733224
3590 7.10615309712
3591 7.10898472672
3592 7.11286793738
3593 7.11740307386
3594 7.11991970704
3595 7.12290403772
3596 7.12727632442
3597 7.12927132686
3598 7.13208019666
3599 7.13506022426
3600 7.1385819302
3601 7.14043603034
3602 7.1446943755
3603 7.14421202078
3604 7.14970440846001
3605 7.18640129498
3606 7.18948760398
3607 7.19257391298
3608 7.19566022198
3609 7.19874653098
3610 7.20183283998
3611 7.20491914898
3612 7.20800545798
3613 7.21109176698
3614 7.21417807598
3615 7.217135393876
3616 7.219635379676
3617 7.222135365476
3618 7.224635351276
3619 7.227135337076
3620 7.229635322876
3621 7.232135308676
3622 7.234635294476
3623 7.237135280276
3624 7.239635266076
3625 7.242211996522
3626 7.245060821622
3627 7.247909646722
3628 7.250758471822
3629 7.253607296922
3630 7.256456122022
3631 7.259304947122
3632 7.262153772222
3633 7.265002597322
3634 7.267851422422
3635 7.270683546948
3636 7.273456460348
3637 7.276229373748
3638 7.279002287148
3639 7.281775200548
3640 7.284548113948
3641 7.287321027348
3642 7.290093940748
3643 7.292866854148
3644 7.295639767548
3645 7.298345993382
3646 7.300815781482
3647 7.303285569582
3648 7.305755357682
3649 7.308225145782
3650 7.310694933882
3651 7.313164721982
3652 7.315634510082
3653 7.318104298182
3654 7.320574086282
3655 7.322941160474
3656 7.324944067174
3657 7.326946973874
3658 7.328949880574
3659 7.330952787274
3660 7.332955693974
3661 7.334958600674
3662 7.336961507374
3663 7.338964414074
3664 7.340967320774
3665 7.343022957184
3666 7.345265544384
3667 7.347508131584
3668 7.349750718784
3669 7.351993305984
3670 7.354235893184
3671 7.356478480384
3672 7.358721067584
3673 7.360963654784
3674 7.363206241984
3675 7.365288385736
3676 7.366801684536
3677 7.368314983336
3678 7.369828282136
3679 7.371341580936
3680 7.372854879736
3681 7.374368178536
3682 7.375881477336
3683 7.377394776136
3684 7.378908074936
3685 7.380648108552
3686 7.383192020152
3687 7.385735931752
3688 7.388279843352
3689 7.390823754952
3690 7.393367666552
3691 7.395911578152
3692 7.398455489752
3693 7.400999401352
3694 7.403543312952
3695 7.405901910742
3696 7.407603486842
3697 7.409305062942
3698 7.411006639042
3699 7.412708215142
3700 7.414409791242
3701 7.416111367342
3702 7.417812943442
3703 7.419514519542
3704 7.421216095642
3705 7.42299665744
3706 7.42505725944
3707 7.42711786144
3708 7.42917846344
3709 7.43123906544
3710 7.43329966744
3711 7.43536026944
3712 7.43742087144
3713 7.43948147344
3714 7.44154207544
3715 7.44365927255
3716 7.44597712505
3717 7.44829497755
3718 7.45061283005
3719 7.45293068255
3720 7.45524853505
3721 7.45756638755
3722 7.45988424005
3723 7.46220209255
3724 7.46451994505
3725 7.466449278166
3726 7.467001133466
3727 7.467552988766
3728 7.468104844066
3729 7.468656699366
3730 7.469208554666
3731 7.469760409966
3732 7.470312265266
3733 7.470864120566
3734 7.471415975866
3735 7.472151462394
3736 7.473538005094
3737 7.474924547794
3738 7.476311090494
3739 7.477697633194
3740 7.479084175894
3741 7.480470718594
3742 7.481857261294
3743 7.483243803994
3744 7.484630346694
3745 7.486211950568
3746 7.488485134968
3747 7.490758319368
3748 7.493031503768
3749 7.495304688168
3750 7.497577872568
3751 7.499851056968
3752 7.502124241368
3753 7.504397425768
3754 7.506670610168
3755 7.508933813542
3756 7.511161629642
3757 7.513389445742
3758 7.515617261842
3759 7.517845077942
3760 7.520072894042
3761 7.522300710142
3762 7.524528526242
3763 7.526756342342
3764 7.528984158442
3765 7.531010972158
3766 7.532325141058
3767 7.533639309958
3768 7.534953478858
3769 7.536267647758
3770 7.537581816658
3771 7.538895985558
3772 7.540210154458
3773 7.541524323358
3774 7.542838492258
3775 7.544523208236
3776 7.547521682036
3777 7.550520155836
3778 7.553518629636
3779 7.556517103436
3780 7.559515577236
3781 7.562514051036
3782 7.565512524836
3783 7.568510998636
3784 7.571509472436
3785 7.573986024088
3786 7.574612124488
3787 7.575238224888
3788 7.575864325288
3789 7.576490425688
3790 7.577116526088
3791 7.577742626488
3792 7.578368726888
3793 7.578994827288
3794 7.579620927688
3795 7.58125226047
3796 7.58644759897
3797 7.59164293747
3798 7.59683827597
3799 7.60203361447
3800 7.60722895297
3801 7.61242429147
3802 7.61761962997
3803 7.62281496847
3804 7.62801030697
3805 7.631920215016
3806 7.631272687816
3807 7.630625160616
3808 7.629977633416
3809 7.629330106216
3810 7.628682579016
3811 7.628035051816
3812 7.627387524616
3813 7.626739997416
3814 7.626092470216
3815 7.626539613417
3816 7.630867860767
3817 7.635196108117
3818 7.639524355467
3819 7.643852602817
3820 7.648180850167
3821 7.652509097517
3822 7.656837344867
3823 7.661165592217
3824 7.665493839567
3825 7.669822086917
3826 7.674150334267
3827 7.678478581617
3828 7.682806828967
3829 7.687135076317
3830 7.691463323667
3831 7.695791571017
3832 7.700119818367
3833 7.704448065717
3834 7.708776313067
